3 0.735453 0.84015 0.043376 0.098841 0.754505 0.794351 2 0.716162 0.886375 2
1 0.286328 0.824306 0.038281 0.065278 0.28497 0.824074 2 0 0 0
1 0.678125 0.848611 0.035937 0.066667 0.679434 0.845906 2 0 0 0
2 0.616016 0.84375 0.032031 0.059722 0.617135 0.840633 2 0 0 0
3 0.421815 0.839085 0.04733 0.113327 0.441886 0.786895 2 0.401385 0.891062 2
0 0.480169 0.841002 0.060032 0.125256 0.458421 0.893192 2 0.504913 0.789877 2
0 0.353959 0.837998 0.049895 0.101781 0.37107 0.882115 2 0.333924 0.794138 2
2 0.557813 0.843056 0.023438 0.044444 0.558866 0.841646 2 0 0 0
0 0.808366 0.847925 0.033191 0.087125 0.816334 0.806493 2 0.797522 0.887653 2
2 0.214844 0.709722 0.04375 0.069444 0.21402 0.703128 2 0 0 0
1 0.148438 0.840972 0.03125 0.054167 0.14825 0.839713 2 0 0 0
