3 0.733914 0.714809 0.059758 0.066922 0.706203 0.688131 2 0.761837 0.742845 2
1 0.280891 0.725608 0.038281 0.065278 0.280735 0.725376 2 0 0 0
1 0.67698 0.71888 0.035937 0.066667 0.67737 0.718763 2 0 0 0
2 0.615729 0.739965 0.032031 0.059722 0.616987 0.738604 2 0 0 0
3 0.417176 0.723238 0.055719 0.094563 0.392857 0.682981 2 0.442708 0.763668 2
0 0.492505 0.720078 0.064098 0.106241 0.465602 0.678063 2 0.520547 0.76455 2
0 0.350704 0.710877 0.051225 0.099206 0.37231 0.670431 2 0.32967 0.752849 2
2 0.548083 0.717903 0.023438 0.044444 0.548878 0.718763 2 0 0 0
0 0.7947 0.728683 0.050939 0.055454 0.818452 0.719271 2 0.77152 0.747761 2
2 0.21496 0.708328 0.045126 0.073779 0.215201 0.706044 2 0 0 0
1 0.145576 0.712258 0.03125 0.054167 0.143945 0.713675 2 0 0 0
