3 0.747521 0.610021 0.013763 0.119412 0.74543 0.556211 2 0.75059 0.667584 2
1 0.284407 0.615213 0.038281 0.065278 0.282595 0.616651 2 0 0 0
1 0.681749 0.607345 0.035937 0.066667 0.682184 0.607746 2 0 0 0
2 0.626486 0.625394 0.032031 0.059722 0.626611 0.62636 2 0 0 0
3 0.422302 0.62481 0.032232 0.117259 0.434149 0.569217 2 0.411949 0.680783 2
0 0.492956 0.618928 0.046747 0.128264 0.504803 0.561627 2 0.477267 0.680024 2
0 0.347107 0.618205 0.048144 0.094039 0.367337 0.658394 2 0.327421 0.578704 2
2 0.560374 0.62144 0.023438 0.044444 0.560515 0.620446 2 0 0 0
0 0.792416 0.62369 0.030587 0.086478 0.788178 0.584382 2 0.800339 0.665618 2
2 0.216543 0.602755 0.042879 0.071812 0.21685 0.602611 2 0 0 0
1 0.152305 0.609988 0.031939 0.054534 0.151271 0.609954 2 0 0 0
