3 0.669218 0.526074 0.025412 0.116687 0.676115 0.469537 2 0.663336 0.58261 2
3 0.737613 0.388605 0.022218 0.112815 0.746108 0.334005 2 0.729844 0.441914 2
0 0.497971 0.377411 0.046245 0.122955 0.513331 0.434944 2 0.481819 0.32058 2
1 0.422656 0.48125 0.029687 0.051389 0.421122 0.481865 2 0 0 0
1 0.549219 0.494444 0.034375 0.061111 0.548499 0.489842 2 0 0 0
0 0.608881 0.491223 0.048792 0.097067 0.628195 0.451208 2 0.590439 0.533561 2
1 0.687109 0.375694 0.036719 0.059722 0.685742 0.375479 2 0 0 0
2 0.478516 0.490278 0.035156 0.066667 0.47982 0.485437 2 0 0 0
2 0.621094 0.378472 0.03125 0.054167 0.622142 0.378107 2 0 0 0
0 0.739428 0.516651 0.031076 0.086483 0.748432 0.476766 2 0.730425 0.555246 2
2 0.552344 0.382639 0.023438 0.040278 0.550847 0.382367 2 0 0 0
