1 0.676562 0.616667 0.034375 0.061111 0.676163 0.617908 2 0 0 0
0 0.737801 0.588878 0.05721 0.116689 0.757924 0.539906 2 0.716066 0.641019 2
2 0.747656 0.715278 0.042188 0.066667 0.747743 0.710887 2 0 0 0
0 0.548227 0.733825 0.055108 0.087906 0.572757 0.769399 2 0.525307 0.696972 2
1 0.463281 0.7375 0.035937 0.063889 0.462392 0.733613 2 0 0 0
1 0.401953 0.729167 0.028906 0.05 0.402433 0.727177 2 0 0 0
2 0.544141 0.61875 0.032031 0.054167 0.54384 0.620341 2 0 0 0
2 0.483203 0.609722 0.022656 0.041667 0.482772 0.611823 2 0 0 0
3 0.675982 0.72031 0.068665 0.029444 0.643331 0.718906 2 0.709378 0.724886 2
3 0.611719 0.60625 0.014063 0.118056 0.607745 0.549279 2 0.615893 0.663173 2
0 0.6115 0.723813 0.049367 0.044024 0.635065 0.721683 2 0.588254 0.732192 2
