0 0.752795 0.740686 0.077222 0.074184 0.788482 0.72729 2 0.716295 0.762247 2
3 0.677629 0.850577 0.03484 0.116601 0.691221 0.795561 2 0.66496 0.904889 2
1 0.480859 0.847917 0.036719 0.065278 0.481261 0.846237 2 0 0 0
2 0.744141 0.844444 0.039844 0.069444 0.74581 0.841787 2 0 0 0
0 0.545664 0.841366 0.04461 0.106156 0.560705 0.891047 2 0.528901 0.793215 2
2 0.545312 0.713889 0.032813 0.058333 0.54405 0.707183 2 0 0 0
3 0.615234 0.727778 0.052344 0.083333 0.639622 0.689752 2 0.590794 0.764827 2
0 0.615208 0.848935 0.036951 0.082817 0.629461 0.813157 2 0.60056 0.88659 2
1 0.676562 0.71875 0.034375 0.0625 0.674997 0.717768 2 0 0 0
1 0.409766 0.84375 0.028906 0.051389 0.409797 0.843635 2 0 0 0
2 0.475391 0.711806 0.024219 0.045833 0.474382 0.711567 2 0 0 0
