1 0.409766 0.824306 0.036719 0.065278 0.408969 0.82123 2 0 0 0
0 0.744413 0.720813 0.064298 0.102819 0.717178 0.678139 2 0.773192 0.763743 2
1 0.736719 0.829861 0.028125 0.051389 0.736812 0.831711 2 0 0 0
3 0.546523 0.723818 0.018651 0.119494 0.540469 0.666111 2 0.551802 0.782001 2
1 0.622266 0.693056 0.035156 0.063889 0.621582 0.687682 2 0 0 0
0 0.487629 0.843999 0.059116 0.084224 0.459709 0.86973 2 0.514249 0.81499 2
0 0.555359 0.862742 0.030136 0.087934 0.563876 0.821686 2 0.546351 0.904088 2
2 0.494531 0.690972 0.03125 0.056944 0.493105 0.68636 2 0 0 0
3 0.6108 0.825326 0.068298 0.031738 0.578535 0.820707 2 0.643275 0.827991 2
2 0.683203 0.723611 0.039844 0.069444 0.681085 0.716773 2 0 0 0
2 0.664844 0.810417 0.023438 0.043056 0.664918 0.813976 2 0 0 0
