0 0.152512 0.358194 0.028056 0.088265 0.15 0.398611 2 0.158594 0.315278 2
1 0.225099 0.360647 0.029003 0.051561 0.223438 0.356944 2 0 0 0
1 0.358879 0.370169 0.036842 0.063174 0.357031 0.368056 2 0 0 0
1 0.738917 0.396479 0.03452 0.06137 0.738281 0.394444 2 0 0 0
2 0.40893 0.717862 0.057685 0.104974 0.407031 0.7125 2 0 0 0
2 0.619686 0.383156 0.023165 0.039567 0.619531 0.381944 2 0 0 0
2 0.678711 0.383433 0.031467 0.054839 0.678125 0.381944 2 0 0 0
0 0.418131 0.370619 0.029416 0.103572 0.425 0.320833 2 0.409375 0.419444 2
0 0.568018 0.388258 0.052721 0.119949 0.584375 0.440278 2 0.546094 0.333333 2
3 0.490385 0.380075 0.03125 0.113782 0.479687 0.325 2 0.5 0.433333 2
3 0.798528 0.405449 0.01232 0.113248 0.795312 0.35 2 0.800781 0.458333 2
