1 0.157209 0.458248 0.030675 0.049421 0.155469 0.456944 2 0 0 0
1 0.284701 0.474012 0.037385 0.060498 0.282813 0.472222 2 0 0 0
1 0.676524 0.505539 0.034988 0.060498 0.675781 0.504167 2 0 0 0
2 0.212327 0.478272 0.046012 0.063906 0.209375 0.475 2 0 0 0
2 0.555982 0.505539 0.023006 0.038344 0.555469 0.504167 2 0 0 0
2 0.613737 0.50426 0.029237 0.054533 0.6125 0.504167 2 0 0 0
0 0.356358 0.488802 0.05799 0.083746 0.330469 0.518056 2 0.380469 0.456944 2
0 0.497508 0.488071 0.066143 0.098841 0.525 0.454167 2 0.467187 0.525 2
0 0.806413 0.503834 0.049367 0.055385 0.783594 0.488889 2 0.828125 0.519444 2
3 0.74661 0.500202 0.053942 0.076284 0.720313 0.463889 2 0.771094 0.533333 2
3 0.422342 0.498722 0.056077 0.089468 0.447656 0.458333 2 0.396875 0.534722 2
