0 0.152826 0.356639 0.026973 0.087706 0.150781 0.398611 2 0.158594 0.313889 2
0 0.417761 0.370329 0.028557 0.105148 0.424219 0.320833 2 0.409375 0.419444 2
0 0.567443 0.388322 0.052615 0.120181 0.584375 0.438889 2 0.547656 0.333333 2
1 0.225128 0.360544 0.029974 0.05102 0.224219 0.359722 2 0 0 0
1 0.358578 0.369615 0.036671 0.062358 0.357031 0.369444 2 0 0 0
1 0.739507 0.396542 0.035077 0.060658 0.738281 0.394444 2 0 0 0
2 0.619898 0.383503 0.022959 0.041383 0.619531 0.383333 2 0 0 0
2 0.678412 0.382937 0.030931 0.056122 0.676562 0.381944 2 0 0 0
2 0.391422 0.645125 0.051339 0.095238 0.391406 0.640278 2 0 0 0
3 0.490456 0.379516 0.031407 0.115071 0.479687 0.323611 2 0.500781 0.433333 2
3 0.798529 0.404774 0.013083 0.111462 0.795312 0.348611 2 0.800781 0.458333 2
