2 0.232366 0.468651 0.042411 0.069048 0.23125 0.465278 2 0 0 0
2 0.29933 0.482937 0.023661 0.040476 0.298438 0.483333 2 0 0 0
2 0.420759 0.587698 0.029911 0.056349 0.419531 0.586111 2 0 0 0
1 0.475223 0.603175 0.026339 0.049206 0.475 0.601389 2 0 0 0
1 0.283929 0.603968 0.036607 0.061905 0.282813 0.601389 2 0 0 0
1 0.283259 0.705556 0.037946 0.065079 0.282031 0.705556 2 0 0 0
3 0.358945 0.467917 0.065703 0.025833 0.326562 0.472222 2 0.390625 0.459722 2
3 0.343823 0.700288 0.066083 0.063075 0.3125 0.676389 2 0.373437 0.722222 2
0 0.209698 0.633432 0.075356 0.070621 0.245312 0.647222 2 0.172656 0.609722 2
0 0.20867 0.694404 0.063911 0.077859 0.179688 0.669444 2 0.235937 0.723611 2
0 0.345871 0.592242 0.038616 0.080595 0.333594 0.556944 2 0.359375 0.627778 2
