0 0.145816 0.711875 0.036598 0.089672 0.136719 0.754167 2 0.157812 0.668056 2
0 0.409867 0.716307 0.059896 0.051955 0.4375 0.715278 2 0.380469 0.711111 2
0 0.551682 0.742298 0.049321 0.126888 0.5375 0.797222 2 0.569531 0.683333 2
1 0.21638 0.708597 0.029991 0.052001 0.214062 0.705556 2 0 0 0
1 0.347267 0.719787 0.036286 0.065166 0.345313 0.719444 2 0 0 0
1 0.738448 0.729002 0.035915 0.061216 0.7375 0.726389 2 0 0 0
2 0.287656 0.729331 0.04295 0.073723 0.284375 0.726389 2 0 0 0
2 0.672541 0.739205 0.030732 0.059242 0.671875 0.7375 2 0 0 0
2 0.612374 0.724065 0.024437 0.042127 0.613281 0.722222 2 0 0 0
3 0.480596 0.719577 0.067317 0.040572 0.447656 0.709722 2 0.5125 0.726389 2
3 0.813 0.714571 0.029732 0.105876 0.8 0.765278 2 0.825 0.6625 2
