0 0.134536 0.825444 0.053844 0.044398 0.160156 0.822222 2 0.108594 0.830556 2
0 0.406584 0.846217 0.032476 0.11228 0.411719 0.791667 2 0.395313 0.9 2
0 0.551431 0.842348 0.069487 0.084665 0.517188 0.8625 2 0.583594 0.8125 2
1 0.214773 0.708834 0.03132 0.053804 0.211719 0.706944 2 0 0 0
1 0.345334 0.842718 0.036247 0.063814 0.34375 0.841667 2 0 0 0
1 0.740006 0.829267 0.035895 0.063188 0.739844 0.826389 2 0 0 0
2 0.281989 0.847723 0.044693 0.071321 0.278906 0.845833 2 0 0 0
2 0.67455 0.830205 0.032376 0.056306 0.673438 0.827778 2 0 0 0
2 0.614548 0.833959 0.024282 0.045045 0.613281 0.834722 2 0 0 0
3 0.479729 0.827703 0.053843 0.1001 0.503125 0.783333 2 0.454688 0.870833 2
3 0.797896 0.834585 0.022874 0.111361 0.804688 0.780556 2 0.788281 0.888889 2
