3 0.746151 0.499349 0.054573 0.07908 0.720696 0.464891 2 0.771521 0.534851 2
0 0.496366 0.488553 0.06725 0.100224 0.525984 0.452686 2 0.467033 0.526455 2
1 0.676562 0.50625 0.034375 0.059722 0.675147 0.505981 2 0 0 0
3 0.422626 0.498011 0.05619 0.090466 0.447859 0.458282 2 0.396921 0.536121 2
1 0.284375 0.474306 0.0375 0.0625 0.282736 0.471771 2 0 0 0
0 0.80625 0.504167 0.048438 0.055556 0.783719 0.489157 2 0.828735 0.521169 2
0 0.355998 0.489571 0.059524 0.084961 0.32967 0.518315 2 0.38204 0.456756 2
2 0.2125 0.478472 0.045312 0.068056 0.213706 0.47215 2 0 0 0
2 0.613672 0.505556 0.030469 0.055556 0.612893 0.506469 2 0 0 0
2 0.555469 0.50625 0.025 0.040278 0.554888 0.504579 2 0 0 0
1 0.15625 0.458333 0.029687 0.052778 0.157698 0.45859 2 0 0 0
