2 0.621094 0.378472 0.03125 0.056944 0.619325 0.37611 2 0 0 0
0 0.50625 0.369444 0.060937 0.108333 0.531215 0.411943 2 0.481067 0.322792 2
3 0.747466 0.397241 0.048212 0.086336 0.768581 0.358139 2 0.725648 0.436343 2
1 0.290625 0.350694 0.0375 0.065278 0.289848 0.347519 2 0 0 0
0 0.800429 0.380349 0.032376 0.086962 0.809931 0.338745 2 0.790752 0.421328 2
2 0.226953 0.356944 0.042969 0.066667 0.227553 0.356969 2 0 0 0
1 0.6875 0.375 0.035937 0.058333 0.686776 0.37462 2 0 0 0
0 0.354378 0.374093 0.036247 0.110736 0.350331 0.322166 2 0.364759 0.425394 2
1 0.167187 0.365972 0.029687 0.054167 0.166665 0.364034 2 0 0 0
3 0.42133 0.379567 0.06704 0.024712 0.389041 0.379411 2 0.453794 0.379411 2
2 0.552734 0.382639 0.022656 0.0375 0.55281 0.382465 2 0 0 0
