1 0.681641 0.50625 0.035156 0.059722 0.682613 0.506167 2 0 0 0
3 0.595603 0.494319 0.031314 0.109918 0.607426 0.441917 2 0.583301 0.54729 2
1 0.482031 0.597222 0.034375 0.058333 0.481228 0.597499 2 0 0 0
0 0.617331 0.619291 0.038344 0.079811 0.630911 0.587054 2 0.602154 0.653516 2
3 0.680918 0.595575 0.028758 0.116451 0.688906 0.540474 2 0.67277 0.65096 2
0 0.745143 0.512071 0.049527 0.120995 0.731723 0.567456 2 0.764315 0.455834 2
2 0.550781 0.507639 0.03125 0.054167 0.550666 0.507465 2 0 0 0
2 0.744058 0.619332 0.040008 0.069669 0.743662 0.615079 2 0 0 0
1 0.422266 0.597222 0.028906 0.047222 0.422102 0.597745 2 0 0 0
0 0.546795 0.608356 0.051604 0.09032 0.569242 0.570581 2 0.525946 0.647268 2
2 0.483594 0.497222 0.023438 0.038889 0.484746 0.498799 2 0 0 0
