0 0.209253 0.483478 0.069412 0.113589 0.180355 0.436493 2 0.238151 0.530721 2
3 0.477139 0.588277 0.034785 0.115113 0.464539 0.643536 2 0.490096 0.535109 2
1 0.351562 0.707639 0.035937 0.0625 0.35361 0.707625 2 0 0 0
1 0.290234 0.604167 0.036719 0.063889 0.290428 0.60223 2 0 0 0
2 0.421701 0.605587 0.032237 0.056795 0.42141 0.601972 2 0 0 0
2 0.285156 0.722917 0.040625 0.073611 0.284538 0.715897 2 0 0 0
0 0.342969 0.579391 0.060937 0.082884 0.314823 0.610492 2 0.368262 0.548792 2
1 0.48125 0.729861 0.029687 0.048611 0.481448 0.728568 2 0 0 0
0 0.420539 0.49303 0.023525 0.089839 0.421701 0.450176 2 0.419523 0.535368 2
2 0.284766 0.475694 0.025781 0.043056 0.286088 0.471967 2 0 0 0
3 0.35037 0.472617 0.066447 0.046432 0.382203 0.489674 2 0.318599 0.455081 2
