3 0.343662 0.700512 0.067011 0.064913 0.312956 0.676805 2 0.375342 0.723033 2
0 0.345877 0.592503 0.038629 0.082228 0.333029 0.557583 2 0.360287 0.628143 2
1 0.283594 0.603472 0.035937 0.065278 0.281946 0.602105 2 0 0 0
1 0.283984 0.704167 0.036719 0.063889 0.283087 0.704054 2 0 0 0
2 0.420703 0.588194 0.032031 0.056944 0.420672 0.587494 2 0 0 0
2 0.299219 0.481944 0.025 0.041667 0.298037 0.485968 2 0 0 0
0 0.207929 0.694667 0.064296 0.078224 0.17792 0.672547 2 0.237112 0.723033 2
2 0.232031 0.468056 0.040625 0.066667 0.232286 0.466151 2 0 0 0
1 0.475391 0.602778 0.027344 0.05 0.474984 0.602891 2 0 0 0
0 0.209617 0.632583 0.075747 0.072222 0.245552 0.648013 2 0.173244 0.6103 2
3 0.359555 0.467944 0.067615 0.024777 0.326756 0.472628 2 0.391309 0.459854 2
