1 0.216016 0.707639 0.030469 0.051389 0.217646 0.705033 2 0 0 0
3 0.812979 0.714142 0.031221 0.107652 0.800563 0.76487 2 0.826557 0.662123 2
2 0.671875 0.738889 0.03125 0.058333 0.671686 0.737218 2 0 0 0
2 0.2875 0.729861 0.042188 0.070833 0.285985 0.724629 2 0 0 0
2 0.612891 0.725 0.024219 0.041667 0.612935 0.722376 2 0 0 0
0 0.552357 0.742493 0.050026 0.12943 0.539033 0.800238 2 0.57098 0.682776 2
1 0.347266 0.719444 0.036719 0.063889 0.346572 0.716339 2 0 0 0
1 0.739062 0.729167 0.035937 0.061111 0.738712 0.724188 2 0 0 0
3 0.480658 0.71866 0.067379 0.040789 0.44813 0.709108 2 0.512895 0.725888 2
0 0.146484 0.711806 0.036719 0.090278 0.137953 0.75506 2 0.158573 0.669352 2
0 0.40914 0.714787 0.061425 0.051115 0.438546 0.716336 2 0.380315 0.71298 2
