0 0.152825 0.357035 0.026042 0.085044 0.15 0.394444 2 0.157812 0.316667 2
0 0.41862 0.370119 0.029438 0.101147 0.421875 0.320833 2 0.409375 0.416667 2
0 0.567793 0.388486 0.052649 0.117754 0.583594 0.436111 2 0.548438 0.334722 2
1 0.225436 0.360458 0.030123 0.053117 0.224219 0.358333 2 0 0 0
1 0.358787 0.369601 0.034777 0.061825 0.357812 0.368056 2 0 0 0
1 0.739004 0.396595 0.035511 0.061825 0.739062 0.394444 2 0 0 0
2 0.678442 0.383655 0.03125 0.055556 0.676562 0.380556 2 0 0 0
2 0.620131 0.384461 0.023324 0.039452 0.619531 0.380556 2 0 0 0
2 0.409873 0.717391 0.057518 0.107085 0.409375 0.713889 2 0 0 0
3 0.490911 0.3821 0.030554 0.112761 0.479687 0.326389 2 0.5 0.430556 2
3 0.798901 0.404935 0.012665 0.111633 0.794531 0.35 2 0.800781 0.456944 2
