1 0.166637 0.366951 0.032404 0.048927 0.164844 0.363889 2 0 0 0
1 0.291593 0.34959 0.036399 0.061553 0.2875 0.347222 2 0 0 0
1 0.687766 0.373658 0.035955 0.057607 0.686719 0.370833 2 0 0 0
2 0.227672 0.357086 0.043501 0.067077 0.225 0.354167 2 0 0 0
2 0.553045 0.381944 0.023082 0.037879 0.551562 0.381944 2 0 0 0
2 0.621848 0.378788 0.030185 0.056818 0.621094 0.376389 2 0 0 0
0 0.356401 0.374448 0.032848 0.104956 0.348438 0.326389 2 0.3625 0.420833 2
0 0.506436 0.370107 0.060369 0.107323 0.528125 0.408333 2 0.482031 0.326389 2
0 0.801181 0.378788 0.030185 0.082071 0.805469 0.341667 2 0.790625 0.4125 2
3 0.421653 0.379577 0.064808 0.023674 0.391406 0.377778 2 0.450781 0.377778 2
3 0.74747 0.398122 0.04794 0.081282 0.766406 0.359722 2 0.726562 0.430556 2
