0 0.498865 0.378181 0.046264 0.118715 0.508594 0.427778 2 0.48125 0.322222 2
0 0.609288 0.492241 0.047137 0.095438 0.626563 0.454167 2 0.590625 0.527778 2
0 0.740886 0.517458 0.031425 0.083799 0.745313 0.479167 2 0.729688 0.548611 2
2 0.552549 0.382449 0.023568 0.038796 0.551562 0.381944 2 0 0 0
2 0.62129 0.378181 0.030988 0.05509 0.620313 0.376389 2 0 0 0
2 0.479225 0.491077 0.034916 0.068281 0.478125 0.4875 2 0 0 0
1 0.687194 0.374302 0.035353 0.058194 0.688281 0.372222 2 0 0 0
1 0.549057 0.493793 0.034916 0.059745 0.547656 0.494444 2 0 0 0
1 0.422704 0.48099 0.029242 0.049659 0.421875 0.479167 2 0 0 0
3 0.6693 0.527157 0.023132 0.11406 0.674219 0.475 2 0.6625 0.577778 2
3 0.737823 0.388268 0.021386 0.107852 0.744531 0.338889 2 0.729688 0.434722 2
