2 0.483688 0.496413 0.02318 0.037393 0.482031 0.495833 2 0 0 0
2 0.550852 0.508321 0.029913 0.054429 0.549219 0.505556 2 0 0 0
2 0.743877 0.619995 0.041526 0.065065 0.741406 0.616667 2 0 0 0
1 0.422227 0.596847 0.028153 0.048799 0.421875 0.594444 2 0 0 0
1 0.481524 0.597472 0.034136 0.06006 0.48125 0.595833 2 0 0 0
1 0.682292 0.506131 0.035895 0.061311 0.68125 0.504167 2 0 0 0
3 0.595721 0.493619 0.028153 0.106356 0.60625 0.443056 2 0.583594 0.541667 2
3 0.680708 0.595908 0.028505 0.115741 0.6875 0.541667 2 0.671875 0.645833 2
0 0.547332 0.609359 0.052435 0.09009 0.565625 0.575 2 0.525781 0.641667 2
0 0.618243 0.619995 0.038007 0.075075 0.628906 0.591667 2 0.603125 0.651389 2
0 0.745812 0.512075 0.048212 0.118243 0.733594 0.563889 2 0.760156 0.456944 2
