2 0.4754 0.711673 0.024153 0.039758
2 0.545175 0.711938 0.031906 0.054071
2 0.74511 0.844466 0.040553 0.074215
1 0.676079 0.72042 0.036081 0.063613 0.675781 0.716667 2 0 0 0
1 0.480767 0.848972 0.035484 0.067324 0.479687 0.847222 2 0 0 0
1 0.409351 0.845791 0.029819 0.053541 0.407813 0.844444 2 0 0 0
3 0.615398 0.726929 0.052481 0.078986 0.638281 0.690278 2 0.591406 0.761111 2
3 0.677869 0.852152 0.035484 0.113974 0.688281 0.8 2 0.664844 0.901389 2
0 0.547096 0.843936 0.043237 0.108142 0.55625 0.888889 2 0.528906 0.794444 2
0 0.753459 0.740299 0.074547 0.068384 0.785937 0.730556 2 0.71875 0.756944 2
0 0.615995 0.850032 0.036975 0.082167 0.625781 0.815278 2 0.602344 0.881944 2
