0 0.15354 0.35771 0.024554 0.082766 0.150781 0.394444 2 0.157812 0.318056 2
0 0.41773 0.371315 0.028061 0.103175 0.425 0.322222 2 0.409375 0.418056 2
0 0.567443 0.388322 0.052615 0.120181 0.582812 0.4375 2 0.547656 0.333333 2
1 0.225128 0.360544 0.029974 0.05102 0.224219 0.359722 2 0 0 0
1 0.358578 0.369615 0.036671 0.062358 0.357031 0.369444 2 0 0 0
1 0.739507 0.396542 0.035077 0.060658 0.738281 0.394444 2 0 0 0
2 0.619898 0.383503 0.022959 0.041383 0.619531 0.383333 2 0 0 0
2 0.678412 0.382937 0.030931 0.056122 0.676562 0.381944 2 0 0 0
2 0.391422 0.645125 0.051339 0.095238 0.391406 0.640278 2 0 0 0
3 0.491231 0.380385 0.030293 0.113379 0.479687 0.326389 2 0.5 0.430556 2
3 0.799107 0.405329 0.012755 0.111111 0.795312 0.35 2 0.801562 0.456944 2
