2 0.474888 0.365961 0.028522 0.05291 0.472656 0.365278 2 0 0 0
2 0.680122 0.473986 0.024182 0.037478 0.679688 0.472222 2 0 0 0
2 0.685392 0.379464 0.039683 0.067791 0.683594 0.376389 2 0 0 0
1 0.416605 0.493552 0.035342 0.058973 0.416406 0.493056 2 0 0 0
1 0.738715 0.499063 0.026042 0.046847 0.738281 0.497222 2 0 0 0
1 0.618738 0.355489 0.035342 0.060626 0.617969 0.352778 2 0 0 0
3 0.554253 0.38222 0.062004 0.032518 0.524219 0.3875 2 0.583594 0.369444 2
3 0.618118 0.495205 0.035962 0.109678 0.603906 0.443056 2 0.630469 0.541667 2
0 0.474113 0.500716 0.045573 0.094246 0.457813 0.538889 2 0.490625 0.461111 2
0 0.542318 0.469026 0.041853 0.06724 0.525 0.443056 2 0.55625 0.493056 2
0 0.754216 0.374504 0.060144 0.105269 0.730469 0.331944 2 0.777344 0.4125 2
