1 0.480357 0.729762 0.028571 0.05 0.479687 0.729167 2 0 0 0
1 0.549554 0.726587 0.034821 0.062698 0.548438 0.723611 2 0 0 0
1 0.74308 0.738506 0.037054 0.061905 0.742969 0.738889 2 0 0 0
2 0.552009 0.825397 0.039732 0.069841 0.550781 0.823611 2 0 0 0
2 0.616518 0.854762 0.022321 0.042857 0.614844 0.855556 2 0 0 0
2 0.744866 0.836508 0.033482 0.05873 0.742969 0.834722 2 0 0 0
3 0.679903 0.73373 0.050446 0.086508 0.65625 0.691667 2 0.700781 0.769444 2
3 0.415625 0.834127 0.028571 0.119048 0.423438 0.780556 2 0.40625 0.886111 2
0 0.620089 0.734127 0.058036 0.112698 0.597656 0.684722 2 0.641406 0.776389 2
0 0.484144 0.835317 0.058929 0.081746 0.457813 0.855556 2 0.507812 0.808333 2
0 0.691518 0.840873 0.047321 0.053175 0.672656 0.851389 2 0.710156 0.822222 2
