0 0.225446 0.344841 0.060714 0.123016 0.204687 0.290278 2 0.245312 0.390278 2
0 0.410714 0.390079 0.028571 0.081746 0.403125 0.35 2 0.416406 0.422222 2
0 0.350216 0.479365 0.055357 0.087302 0.327344 0.506944 2 0.36875 0.444444 2
2 0.29442 0.369444 0.024554 0.043651 0.292969 0.369444 2 0 0 0
2 0.41875 0.484524 0.03125 0.05 0.417969 0.480556 2 0 0 0
2 0.278348 0.598016 0.039732 0.072222 0.275781 0.595833 2 0 0 0
1 0.293512 0.480159 0.036161 0.05873 0.288281 0.479167 2 0 0 0
1 0.485268 0.488889 0.027679 0.049206 0.484375 0.486111 2 0 0 0
1 0.352009 0.579365 0.032589 0.061905 0.351562 0.577778 2 0 0 0
3 0.471429 0.371825 0.049107 0.097619 0.45 0.329167 2 0.489844 0.408333 2
3 0.35067 0.353571 0.065625 0.016667 0.319531 0.352778 2 0.379688 0.347222 2
