0 0.134943 0.825337 0.05303 0.044613 0.157031 0.823611 2 0.110937 0.827778 2
0 0.406723 0.848064 0.032197 0.108586 0.410938 0.795833 2 0.397656 0.891667 2
0 0.551847 0.842593 0.068655 0.084175 0.519531 0.861111 2 0.579688 0.8125 2
1 0.214773 0.708834 0.03132 0.053804 0.211719 0.706944 2 0 0 0
1 0.345334 0.842718 0.036247 0.063814 0.34375 0.841667 2 0 0 0
1 0.740006 0.829267 0.035895 0.063188 0.739844 0.826389 2 0 0 0
2 0.281989 0.847723 0.044693 0.071321 0.278906 0.845833 2 0 0 0
2 0.67455 0.830205 0.032376 0.056306 0.673438 0.827778 2 0 0 0
2 0.614548 0.833959 0.024282 0.045045 0.613281 0.834722 2 0 0 0
3 0.479729 0.827703 0.053843 0.1001 0.5 0.7875 2 0.45625 0.866667 2
3 0.797896 0.834585 0.022874 0.111361 0.803906 0.783333 2 0.789062 0.881944 2
