1 0.266075 0.40646 0.037824 0.065242 0.266865 0.406195 2 0 0 0
2 0.210938 0.584028 0.042188 0.070833 0.210758 0.581393 2 0 0 0
1 0.310156 0.173611 0.035937 0.061111 0.308433 0.174568 2 0 0 0
2 0.226953 0.265972 0.033594 0.054167 0.228847 0.263366 2 0 0 0
3 0.389844 0.422222 0.064062 0.083333 0.360861 0.387448 2 0.418273 0.45349 2
0 0.399811 0.204131 0.056736 0.075248 0.425477 0.229747 2 0.374144 0.175712 2
2 0.280469 0.558333 0.025 0.041667 0.280173 0.557966 2 0 0 0
3 0.496884 0.224504 0.062518 0.060118 0.467804 0.199328 2 0.526117 0.248559 2
3 0.484375 0.622917 0.039062 0.059722 0.466679 0.599584 2 0.500675 0.643612 2
0 0.494922 0.411111 0.044531 0.066667 0.51531 0.430275 2 0.475009 0.386647 2
