1 0.267188 0.406944 0.0375 0.061111 0.265925 0.405449 2 0 0 0
2 0.210938 0.585417 0.042188 0.070833 0.211043 0.581982 2 0 0 0
3 0.37473 0.399733 0.050541 0.10609 0.396034 0.353098 2 0.353365 0.44391 2
1 0.309766 0.176389 0.035156 0.061111 0.309466 0.173155 2 0 0 0
3 0.476562 0.22516 0.048077 0.100962 0.497596 0.18109 2 0.455829 0.270299 2
0 0.390595 0.190545 0.04381 0.102244 0.407452 0.144231 2 0.374399 0.234509 2
0 0.460156 0.424306 0.040625 0.070833 0.476863 0.394765 2 0.442909 0.45406 2
3 0.461328 0.598611 0.036719 0.063889 0.476562 0.574252 2 0.445613 0.623397 2
2 0.279687 0.558333 0.025 0.044444 0.279658 0.556477 2 0 0 0
2 0.227344 0.264583 0.029687 0.051389 0.226061 0.259031 2 0 0 0
