1 0.267188 0.407639 0.0375 0.0625 0.269659 0.40395 2 0 0 0
2 0.210938 0.585417 0.042188 0.070833 0.210766 0.582571 2 0 0 0
3 0.366582 0.385555 0.065273 0.076112 0.395574 0.354692 2 0.337058 0.414453 2
1 0.309766 0.175 0.035156 0.061111 0.308179 0.174598 2 0 0 0
0 0.467924 0.411465 0.046965 0.065958 0.488328 0.391213 2 0.44662 0.43382 2
3 0.473783 0.217555 0.058684 0.073224 0.500778 0.188136 2 0.446931 0.247897 2
0 0.387326 0.179836 0.058205 0.079681 0.413315 0.158256 2 0.361336 0.208057 2
2 0.279687 0.558333 0.025 0.044444 0.279135 0.556664 2 0 0 0
2 0.228087 0.266798 0.032736 0.05304 0.227081 0.26404 2 0 0 0
3 0.468875 0.604803 0.042642 0.038734 0.488017 0.590416 2 0.44911 0.616977 2
