1 0.267188 0.406944 0.0375 0.063889 0.266458 0.402816 2 0 0 0
2 0.210938 0.585417 0.042188 0.070833 0.210635 0.582068 2 0 0 0
0 0.470493 0.409882 0.048798 0.039209 0.493389 0.410256 2 0.448317 0.407051 2
3 0.366737 0.380609 0.069411 0.034722 0.333534 0.377671 2 0.400841 0.38141 2
1 0.310156 0.175 0.035937 0.061111 0.308461 0.175445 2 0 0 0
2 0.227734 0.265278 0.032031 0.055556 0.228357 0.261984 2 0 0 0
2 0.280078 0.558333 0.024219 0.041667 0.279356 0.557947 2 0 0 0
3 0.466647 0.601282 0.043269 0.039103 0.447716 0.588675 2 0.486178 0.608974 2
3 0.474008 0.206197 0.067608 0.020299 0.50601 0.203526 2 0.443209 0.206731 2
0 0.384766 0.176816 0.061599 0.056624 0.413462 0.175748 2 0.35637 0.177885 2
