1 0.267188 0.407639 0.035937 0.0625 0.269912 0.403961 2 0 0 0
2 0.210547 0.584722 0.042969 0.072222 0.211156 0.582003 2 0 0 0
1 0.310156 0.175 0.035937 0.061111 0.308201 0.175478 2 0 0 0
2 0.228516 0.268056 0.032031 0.055556 0.230243 0.263851 2 0 0 0
3 0.378348 0.180335 0.0687 0.031746 0.411458 0.182099 2 0.345238 0.177249 2
2 0.279687 0.559028 0.025 0.043056 0.279334 0.557574 2 0 0 0
0 0.463064 0.595227 0.049566 0.043232 0.485615 0.598325 2 0.440228 0.588183 2
3 0.364986 0.383322 0.043465 0.025022 0.384921 0.385362 2 0.34499 0.377866 2
3 0.471608 0.406118 0.067721 0.023876 0.503472 0.407848 2 0.439236 0.400794 2
0 0.476414 0.195021 0.058097 0.045456 0.504391 0.19561 2 0.448791 0.192062 2
