1 0.267188 0.40625 0.035937 0.0625 0.265625 0.404457 2 0 0 0
2 0.210938 0.585417 0.042188 0.070833 0.211127 0.58266 2 0 0 0
3 0.381641 0.178472 0.064844 0.076389 0.351906 0.148046 2 0.411144 0.204518 2
3 0.468359 0.422222 0.063281 0.063889 0.438547 0.395833 2 0.497132 0.444833 2
1 0.309766 0.175694 0.035156 0.0625 0.308378 0.174605 2 0 0 0
2 0.227734 0.270139 0.032031 0.056944 0.227442 0.265049 2 0 0 0
3 0.367578 0.367361 0.038281 0.056944 0.350989 0.344308 2 0.384315 0.3885 2
0 0.464453 0.59375 0.046094 0.065278 0.484375 0.616667 2 0.444271 0.57037 2
2 0.280469 0.559028 0.025 0.043056 0.279777 0.558018 2 0 0 0
0 0.479319 0.196741 0.064236 0.076021 0.507727 0.217491 2 0.449777 0.170177 2
