1 0.267188 0.40625 0.035937 0.0625 0.267241 0.405172 2 0 0 0
3 0.4647 0.432895 0.050288 0.095322 0.442434 0.391813 2 0.487253 0.472953 2
3 0.387116 0.182145 0.051311 0.108875 0.365433 0.135358 2 0.407475 0.230108 2
2 0.210547 0.585417 0.041406 0.070833 0.210554 0.580945 2 0 0 0
1 0.309766 0.175 0.035156 0.061111 0.308371 0.174598 2 0 0 0
0 0.469141 0.591667 0.038281 0.080556 0.481908 0.623538 2 0.453947 0.55848 2
3 0.367969 0.374306 0.029687 0.070833 0.356908 0.342836 2 0.379523 0.405702 2
2 0.228125 0.267361 0.03125 0.056944 0.227371 0.264368 2 0 0 0
2 0.280078 0.558333 0.025781 0.041667 0.279503 0.557657 2 0 0 0
0 0.476421 0.196502 0.046263 0.101631 0.49197 0.237272 2 0.458349 0.155143 2
