1 0.266797 0.406944 0.036719 0.061111 0.2696 0.40268 2 0 0 0
2 0.210547 0.585417 0.042969 0.070833 0.210884 0.581577 2 0 0 0
1 0.310156 0.175 0.035937 0.061111 0.309131 0.174332 2 0 0 0
3 0.36391 0.375908 0.014368 0.078739 0.36492 0.338967 2 0.362189 0.411325 2
3 0.378442 0.183081 0.019395 0.126263 0.380217 0.122863 2 0.375847 0.24087 2
0 0.460938 0.609722 0.021875 0.086111 0.456067 0.647645 2 0.461425 0.571483 2
3 0.448918 0.421523 0.019941 0.119464 0.452333 0.364705 2 0.442226 0.47737 2
2 0.226953 0.266667 0.030469 0.055556 0.225255 0.262532 2 0.226419 0.263466 2
2 0.280078 0.559722 0.025781 0.044444 0.27985 0.557933 2 0 0 0
2 0.226953 0.266667 0.030469 0.055556
0 0.475962 0.212461 0.033053 0.110237 0.477464 0.263695 2 0.473366 0.1588 2
