1 0.267188 0.406944 0.035937 0.061111 0.267512 0.403918 2 0 0 0
3 0.383023 0.188515 0.068329 0.061859 0.413762 0.166132 2 0.350661 0.202457 2
2 0.210938 0.585417 0.042188 0.070833 0.210774 0.58232 2 0 0 0
1 0.309766 0.175 0.035156 0.061111 0.30883 0.1754 2 0 0 0
3 0.357786 0.378045 0.046034 0.032799 0.377704 0.371261 2 0.337139 0.383013 2
2 0.227344 0.268056 0.032813 0.055556 0.228963 0.263495 2 0 0 0
0 0.476172 0.211111 0.057031 0.083333 0.450421 0.233974 2 0.501803 0.182158 2
2 0.280078 0.559028 0.025781 0.043056 0.279797 0.558355 2 0 0 0
0 0.451295 0.595146 0.050536 0.040264 0.428632 0.598724 2 0.474662 0.587087 2
3 0.451055 0.416014 0.06477 0.049858 0.481437 0.397614 2 0.421007 0.43382 2
