1 0.267578 0.407639 0.036719 0.0625 0.267045 0.406566 2 0 0 0
2 0.210938 0.585417 0.042188 0.070833 0.210805 0.582312 2 0 0 0
1 0.309766 0.175 0.035156 0.061111 0.308852 0.174731 2 0 0 0
3 0.38468 0.191592 0.068141 0.033482 0.416178 0.190972 2 0.352004 0.188492 2
2 0.228125 0.267361 0.03125 0.054167 0.228118 0.264355 2 0 0 0
3 0.357933 0.381738 0.04348 0.030175 0.338286 0.373677 2 0.378046 0.385665 2
2 0.280078 0.559028 0.024219 0.040278 0.280057 0.558266 2 0 0 0
0 0.455022 0.596015 0.04933 0.045205 0.432143 0.594048 2 0.478125 0.599603 2
3 0.462414 0.418725 0.06736 0.026438 0.493606 0.41832 2 0.430129 0.413773 2
0 0.477587 0.213382 0.060371 0.057929 0.448437 0.205556 2 0.504687 0.22619 2
