1 0.266797 0.40625 0.036719 0.0625 0.269054 0.404455 2 0 0 0
2 0.210938 0.585417 0.042188 0.070833 0.210851 0.582257 2 0 0 0
3 0.464236 0.419182 0.055903 0.08108 0.438536 0.381844 2 0.489193 0.45269 2
3 0.385289 0.185319 0.062815 0.084054 0.357709 0.150897 2 0.41377 0.21854 2
1 0.309766 0.175 0.035156 0.061111 0.307796 0.175043 2 0 0 0
2 0.280469 0.559028 0.025 0.043056 0.280051 0.558543 2 0 0 0
0 0.450808 0.594857 0.045258 0.071398 0.432006 0.567163 2 0.470056 0.622398 2
3 0.360537 0.373833 0.039823 0.050444 0.342174 0.353826 2 0.378872 0.393052 2
0 0.477631 0.208748 0.055676 0.085283 0.452945 0.180115 2 0.502477 0.235351 2
2 0.225768 0.267149 0.032813 0.056944 0.227216 0.267827 2 0 0 0
