1 0.267188 0.406944 0.0375 0.063889 0.266523 0.403786 2 0 0 0
3 0.463669 0.417152 0.055999 0.0777 0.437855 0.383159 2 0.488937 0.452117 2
2 0.210938 0.585417 0.042188 0.070833 0.210678 0.582274 2 0 0 0
3 0.385954 0.185509 0.063374 0.083528 0.357545 0.149087 2 0.413817 0.219503 2
3 0.360168 0.374396 0.040383 0.049651 0.34224 0.354938 2 0.37885 0.392512 2
1 0.309766 0.174306 0.035156 0.059722 0.309468 0.171426 2 0 0 0
0 0.450148 0.593192 0.043706 0.072358 0.432392 0.566239 2 0.469542 0.623543 2
0 0.477874 0.204448 0.055452 0.079643 0.452333 0.17871 2 0.502595 0.235043 2
2 0.279502 0.560043 0.026934 0.041026 0.279734 0.558998 2 0 0 0
2 0.227734 0.265972 0.032031 0.054167 0.226153 0.262723 2 0 0 0
