1 0.267578 0.406944 0.036719 0.063889 0.267612 0.403752 2 0 0 0
3 0.456514 0.416834 0.016566 0.115462 0.461691 0.361948 2 0.450598 0.471684 2
2 0.210547 0.585417 0.042969 0.070833 0.210715 0.582271 2 0 0 0
3 0.363528 0.372742 0.016118 0.076039 0.368837 0.338465 2 0.358986 0.407299 2
0 0.451953 0.599306 0.022656 0.0875 0.450747 0.558016 2 0.451754 0.640544 2
1 0.309375 0.175 0.035937 0.061111 0.309416 0.17288 2 0 0 0
3 0.385851 0.183008 0.019235 0.122595 0.387734 0.12375 2 0.385485 0.241715 2
2 0.227734 0.267361 0.032031 0.054167 0.227179 0.264864 2 0 0 0
2 0.280469 0.558333 0.025 0.041667 0.279875 0.558553 2 0 0 0
0 0.466147 0.188666 0.02919 0.113151 0.466775 0.133579 2 0.465171 0.240214 2
