1 0.264982 0.404877 0.037713 0.066345 0.265854 0.405262 2 0 0 0
2 0.210286 0.583697 0.04349 0.074272 0.210753 0.581194 2 0 0 0
3 0.389062 0.180556 0.065625 0.066667 0.418324 0.155384 2 0.358184 0.202428 2
1 0.309189 0.173037 0.037871 0.065037 0.30825 0.174608 2 0 0 0
3 0.465234 0.392361 0.057031 0.081944 0.491409 0.358219 2 0.439402 0.42746 2
2 0.226953 0.267361 0.033594 0.056944 0.225971 0.262494 2 0 0 0
0 0.442969 0.584028 0.045312 0.070833 0.460417 0.557672 2 0.422619 0.612963 2
2 0.280078 0.559028 0.024219 0.043056 0.279428 0.55774 2 0 0 0
3 0.365807 0.368056 0.041823 0.041667 0.38476 0.354146 2 0.346499 0.380621 2
0 0.467181 0.175648 0.056245 0.083293 0.492554 0.154977 2 0.441005 0.202224 2
