1 0.267578 0.40625 0.036719 0.0625 0.266612 0.403707 2 0 0 0
2 0.210547 0.585417 0.042969 0.070833 0.210533 0.582167 2 0 0 0
1 0.309766 0.176389 0.036719 0.061111 0.309249 0.17353 2 0 0 0
3 0.462106 0.597832 0.064729 0.038485 0.493077 0.606215 2 0.430813 0.582971 2
2 0.280469 0.559028 0.025 0.043056 0.279599 0.558775 2 0 0 0
3 0.473274 0.181253 0.065952 0.034717 0.50451 0.18591 2 0.441827 0.176941 2
0 0.373907 0.39953 0.049419 0.042334 0.396986 0.40243 2 0.350829 0.389092 2
2 0.227734 0.267361 0.032031 0.054167 0.229582 0.263542 2 0 0 0
3 0.387532 0.160871 0.043686 0.025481 0.367524 0.158458 2 0.407427 0.163351 2
0 0.478372 0.414217 0.061709 0.056024 0.507711 0.414418 2 0.449372 0.415144 2
