1 0.266797 0.40625 0.036719 0.0625 0.26775 0.404793 2 0 0 0
2 0.210547 0.585417 0.042969 0.070833 0.21062 0.582377 2 0 0 0
3 0.459375 0.600694 0.051562 0.090278 0.435132 0.558434 2 0.48229 0.641552 2
0 0.374197 0.397799 0.041406 0.077778 0.389998 0.425662 2 0.355793 0.360895 2
3 0.473329 0.176337 0.061889 0.074995 0.444188 0.146734 2 0.501776 0.205694 2
1 0.309766 0.175 0.035156 0.061111 0.308894 0.172772 2 0 0 0
2 0.279687 0.558333 0.025 0.041667 0.279107 0.558237 2 0 0 0
2 0.228516 0.26875 0.032031 0.059722 0.2273 0.263365 2 0 0 0
3 0.386719 0.152778 0.0375 0.058333 0.369949 0.127738 2 0.403253 0.17609 2
0 0.473068 0.40618 0.061235 0.089107 0.499631 0.438286 2 0.445828 0.367531 2
