1 0.267188 0.40625 0.035937 0.0625 0.269597 0.403703 2 0 0 0
2 0.210938 0.585417 0.042188 0.070833 0.21088 0.581959 2 0 0 0
1 0.309766 0.175 0.035156 0.061111 0.308854 0.175355 2 0 0 0
3 0.467457 0.19969 0.060399 0.083954 0.493633 0.164581 2 0.439975 0.230973 2
0 0.360547 0.384028 0.044531 0.070833 0.342046 0.40996 2 0.378797 0.355659 2
2 0.279687 0.559028 0.025 0.043056 0.27903 0.557804 2 0 0 0
3 0.422266 0.602083 0.055469 0.090278 0.44694 0.561343 2 0.397135 0.640046 2
0 0.463987 0.410461 0.051714 0.090188 0.443548 0.448253 2 0.486391 0.373208 2
2 0.228125 0.26875 0.03125 0.056944 0.227544 0.264078 2 0 0 0
3 0.382598 0.141575 0.039492 0.055739 0.399196 0.119048 2 0.366143 0.163309 2
