1 0.266052 0.405492 0.038209 0.064017 0.267152 0.40621 2 0 0 0
2 0.210156 0.585417 0.042188 0.070833 0.2106 0.581979 2 0 0 0
3 0.469131 0.191424 0.066426 0.05604 0.500236 0.173881 2 0.437264 0.203215 2
1 0.310156 0.175 0.035937 0.061111 0.309209 0.173611 2 0 0 0
2 0.228125 0.26875 0.032813 0.056944 0.228623 0.263942 2 0 0 0
0 0.360273 0.386806 0.049766 0.048611 0.336953 0.389028 2 0.383437 0.376389 2
2 0.280078 0.558333 0.024219 0.041667 0.279494 0.558545 2 0 0 0
0 0.466289 0.412361 0.058047 0.061389 0.43875 0.428194 2 0.492578 0.396389 2
3 0.383189 0.139026 0.042054 0.029176 0.402277 0.130705 2 0.363501 0.145647 2
3 0.431134 0.608025 0.067791 0.041887 0.462256 0.590838 2 0.400749 0.623778 2
