1 0.267188 0.40625 0.035937 0.0625 0.266284 0.406704 2 0 0 0
2 0.210547 0.585417 0.042969 0.070833 0.210941 0.581568 2 0 0 0
1 0.310156 0.175 0.035937 0.061111 0.308896 0.175911 2 0 0 0
0 0.359499 0.382937 0.050347 0.047178 0.335813 0.375661 2 0.382937 0.395062 2
3 0.472407 0.192273 0.066123 0.040453 0.440819 0.183382 2 0.503733 0.194199 2
3 0.448828 0.628472 0.066406 0.056944 0.417751 0.605857 2 0.478693 0.645976 2
2 0.227344 0.269444 0.032813 0.058333 0.226733 0.26385 2 0 0 0
2 0.279687 0.559028 0.025 0.043056 0.279059 0.558371 2 0 0 0
3 0.385156 0.144444 0.042188 0.030556 0.365424 0.134805 2 0.402881 0.150835 2
0 0.46685 0.408596 0.0625 0.051426 0.437363 0.404446 2 0.495916 0.418967 2
