2 0.210547 0.585417 0.042969 0.070833 0.210872 0.581758 2 0 0 0
1 0.267188 0.40625 0.035937 0.0625 0.266581 0.403638 2 0 0 0
3 0.471566 0.183624 0.063045 0.068798 0.442406 0.155362 2 0.501635 0.207364 2
3 0.455078 0.629861 0.053906 0.090278 0.431374 0.589428 2 0.479148 0.668865 2
0 0.363889 0.377546 0.047222 0.069907 0.342708 0.35216 2 0.383507 0.404012 2
1 0.309375 0.174306 0.035937 0.0625 0.308826 0.169753 2 0 0 0
3 0.38115 0.137371 0.039844 0.05 0.363009 0.117571 2 0.399346 0.157946 2
2 0.227344 0.268056 0.032813 0.055556 0.226983 0.264038 2 0 0 0
2 0.279687 0.559028 0.025 0.043056 0.279407 0.558124 2 0 0 0
0 0.469914 0.403015 0.057449 0.073495 0.444159 0.372524 2 0.495384 0.428188 2
