1 0.266797 0.40625 0.036719 0.0625 0.267755 0.403117 2 0 0 0
2 0.210156 0.585417 0.042188 0.070833 0.210725 0.580985 2 0 0 0
0 0.365452 0.37255 0.024553 0.091012 0.36704 0.328791 2 0.36474 0.41621 2
2 0.227344 0.268056 0.032813 0.058333 0.227525 0.261981 2 0 0 0
3 0.456981 0.184162 0.017288 0.120565 0.458795 0.125672 2 0.453881 0.241935 2
1 0.30881 0.173062 0.037068 0.064987 0.309313 0.172361 2 0 0 0
3 0.383652 0.130229 0.012959 0.078432 0.385688 0.092988 2 0.380998 0.165833 2
3 0.450337 0.60692 0.016514 0.119492 0.456415 0.549398 2 0.444774 0.663485 2
2 0.280078 0.558333 0.025781 0.041667 0.279692 0.557774 2 0 0 0
0 0.457185 0.392735 0.030828 0.109165 0.459284 0.339581 2 0.4556 0.44169 2
