1 0.266797 0.406944 0.036719 0.061111 0.269159 0.403509 2 0 0 0
2 0.210547 0.585417 0.042969 0.070833 0.210905 0.582412 2 0 0 0
3 0.46261 0.181095 0.048217 0.107253 0.482051 0.132675 2 0.442658 0.227899 2
1 0.309375 0.176389 0.035937 0.061111 0.309426 0.172903 2 0 0 0
0 0.366994 0.36875 0.040625 0.076389 0.382279 0.338779 2 0.349905 0.399262 2
3 0.389844 0.135417 0.032813 0.0625 0.402698 0.107987 2 0.375964 0.161729 2
2 0.280078 0.559722 0.024219 0.041667 0.27914 0.557971 2 0 0 0
0 0.464669 0.387286 0.046914 0.089089 0.484152 0.350152 2 0.444605 0.424766 2
2 0.228125 0.268056 0.032813 0.055556 0.228723 0.262138 2 0 0 0
3 0.450767 0.593684 0.060952 0.069451 0.479307 0.566473 2 0.422121 0.620277 2
