1 0.256641 0.383333 0.036719 0.061111 0.257174 0.383608 2 0 0 0
2 0.210938 0.585417 0.042188 0.070833 0.210979 0.582427 2 0 0 0
1 0.309766 0.175 0.035156 0.061111 0.308996 0.176622 2 0 0 0
0 0.363653 0.380716 0.052349 0.044407 0.339605 0.374575 2 0.386108 0.383551 2
2 0.280078 0.560417 0.025781 0.043056 0.280027 0.559036 2 0 0 0
2 0.227344 0.267361 0.032813 0.054167 0.227351 0.266397 2 0 0 0
3 0.38963 0.155645 0.042616 0.030376 0.369834 0.149418 2 0.409526 0.161066 2
3 0.473412 0.195565 0.067288 0.026882 0.504788 0.194668 2 0.44128 0.196461 2
3 0.459727 0.611181 0.066797 0.019028 0.491953 0.612083 2 0.427344 0.61 2
0 0.4691 0.39948 0.05705 0.044596 0.4955 0.401556 2 0.441625 0.402889 2
