1 0.25625 0.384028 0.0375 0.0625 0.255048 0.381909 2 0 0 0
2 0.210547 0.585417 0.042969 0.070833 0.210607 0.582365 2 0 0 0
1 0.310156 0.175 0.035937 0.061111 0.308442 0.176415 2 0 0 0
0 0.379209 0.167149 0.051466 0.050904 0.401856 0.158373 2 0.355327 0.176804 2
3 0.480664 0.402361 0.066797 0.028611 0.5125 0.399722 2 0.448672 0.402778 2
2 0.279687 0.559028 0.025 0.043056 0.279537 0.558428 2 0 0 0
3 0.372734 0.394583 0.068594 0.024722 0.404841 0.39512 2 0.339453 0.39125 2
3 0.477567 0.179298 0.043304 0.024737 0.49689 0.176145 2 0.457395 0.178778 2
2 0.227734 0.266667 0.032031 0.055556 0.2267 0.263222 2 0 0 0
0 0.463613 0.626889 0.05815 0.055582 0.491388 0.634501 2 0.436411 0.611807 2
