1 0.25625 0.384028 0.035937 0.0625 0.258821 0.381131 2 0 0 0
2 0.210938 0.585417 0.042188 0.070833 0.21089 0.581587 2 0 0 0
1 0.309766 0.175 0.035156 0.061111 0.308084 0.176431 2 0 0 0
0 0.378999 0.165631 0.048252 0.052072 0.401086 0.155603 2 0.356594 0.178437 2
3 0.372368 0.394934 0.067765 0.021242 0.405041 0.39425 2 0.339785 0.391015 2
3 0.479687 0.180556 0.042188 0.025 0.499219 0.177778 2 0.459687 0.179306 2
2 0.280078 0.559028 0.025781 0.043056 0.279417 0.557431 2 0 0 0
3 0.475471 0.418991 0.066245 0.028684 0.507085 0.417591 2 0.443649 0.417129 2
2 0.227734 0.268056 0.032031 0.055556 0.227462 0.267831 2 0 0 0
0 0.470037 0.62406 0.055216 0.052498 0.495811 0.626732 2 0.444572 0.618592 2
