1 0.267578 0.40625 0.036719 0.0625 0.269507 0.402645 2 0 0 0
3 0.386047 0.412806 0.054469 0.099388 0.408468 0.369586 2 0.362785 0.456097 2
3 0.480916 0.222564 0.047769 0.095127 0.502814 0.18185 2 0.459448 0.265419 2
2 0.210938 0.584722 0.042188 0.069444 0.211175 0.581468 2 0 0 0
1 0.310156 0.175 0.035937 0.061111 0.30868 0.174133 2 0 0 0
0 0.475 0.416667 0.04375 0.072222 0.456137 0.445504 2 0.492883 0.38783 2
0 0.399219 0.208333 0.048438 0.091667 0.378675 0.245998 2 0.420054 0.167726 2
2 0.280469 0.558333 0.025 0.041667 0.279579 0.557446 2 0 0 0
2 0.227344 0.265278 0.03125 0.052778 0.225424 0.2609 2 0 0 0
3 0.46875 0.62069 0.039871 0.047893 0.486924 0.603814 2 0.45051 0.63677 2
