1 0.25625 0.384028 0.035937 0.0625 0.256076 0.383025 2 0 0 0
2 0.210547 0.585417 0.042969 0.070833 0.21077 0.581607 2 0 0 0
0 0.379688 0.164583 0.045312 0.065278 0.399822 0.183202 2 0.358105 0.137861 2
3 0.371484 0.388194 0.060156 0.076389 0.343071 0.354376 2 0.399247 0.418014 2
1 0.309766 0.175 0.036719 0.061111 0.308681 0.173148 2 0 0 0
3 0.471875 0.410417 0.0625 0.076389 0.442621 0.381317 2 0.500105 0.438452 2
3 0.476172 0.193056 0.038281 0.05 0.458226 0.173257 2 0.494349 0.210676 2
2 0.227734 0.265972 0.032031 0.059722 0.226246 0.265575 2 0 0 0
2 0.279687 0.558333 0.025 0.041667 0.279163 0.558131 2 0 0 0
0 0.464889 0.607814 0.052297 0.092179 0.485173 0.64306 2 0.441066 0.569653 2
