1 0.25625 0.383333 0.0375 0.063889 0.255141 0.381744 2 0 0 0
3 0.359766 0.386806 0.036719 0.106944 0.342847 0.336811 2 0.376204 0.435572 2
3 0.470308 0.402779 0.046883 0.108331 0.450567 0.354251 2 0.487145 0.450289 2
2 0.210547 0.585417 0.042969 0.070833 0.210792 0.582817 2 0 0 0
0 0.377893 0.174181 0.030151 0.087748 0.382791 0.214291 2 0.367272 0.133303 2
1 0.309766 0.176389 0.036719 0.061111 0.308974 0.172636 2 0 0 0
3 0.461328 0.192361 0.033594 0.0625 0.447443 0.16519 2 0.475612 0.218049 2
0 0.45473 0.611992 0.04679 0.095461 0.4715 0.653333 2 0.435 0.568889 2
2 0.227344 0.268056 0.032813 0.055556 0.226364 0.265312 2 0 0 0
2 0.279687 0.558333 0.025 0.041667 0.279204 0.55856 2 0 0 0
