1 0.25625 0.384028 0.035937 0.0625 0.258515 0.380309 2 0 0 0
2 0.210938 0.585417 0.04375 0.070833 0.210767 0.580286 2 0 0 0
1 0.310156 0.175 0.035937 0.061111 0.308022 0.17605 2 0 0 0
2 0.228125 0.267361 0.032813 0.059722 0.228025 0.26057 2 0 0 0
3 0.353303 0.405525 0.014968 0.117039 0.357379 0.347871 2 0.349469 0.461016 2
0 0.371875 0.166667 0.023438 0.086111 0.368345 0.207305 2 0.378569 0.126715 2
3 0.472849 0.191583 0.019927 0.077946 0.478587 0.154964 2 0.466291 0.225249 2
3 0.464292 0.410222 0.013604 0.118446 0.464919 0.353888 2 0.464107 0.465948 2
0 0.453104 0.612465 0.034004 0.101246 0.443508 0.658823 2 0.465621 0.563881 2
2 0.279687 0.558333 0.025 0.044444 0.280016 0.556661 2 0 0 0
