1 0.25625 0.384028 0.0375 0.0625 0.25509 0.381583 2 0 0 0
2 0.2105 0.583862 0.043062 0.073943 0.21109 0.581799 2 0 0 0
1 0.309378 0.173777 0.037493 0.066334 0.308827 0.173552 2 0 0 0
3 0.460938 0.408333 0.048438 0.105556 0.479935 0.362595 2 0.440538 0.453704 2
0 0.369762 0.174472 0.046414 0.067723 0.351062 0.194623 2 0.389957 0.148326 2
3 0.353516 0.409028 0.047656 0.098611 0.374766 0.363485 2 0.333868 0.45222 2
2 0.227734 0.268056 0.032031 0.055556 0.228613 0.265109 2 0 0 0
3 0.466406 0.191667 0.034375 0.061111 0.480936 0.166726 2 0.45189 0.21688 2
2 0.279297 0.558333 0.024219 0.044444 0.279459 0.556683 2 0 0 0
0 0.450387 0.617521 0.05008 0.090812 0.430522 0.654024 2 0.472756 0.578348 2
