1 0.255859 0.384028 0.036719 0.0625 0.258295 0.380287 2 0 0 0
2 0.210938 0.584722 0.042188 0.069444 0.211047 0.58158 2 0 0 0
3 0.358203 0.407639 0.064844 0.0625 0.326804 0.383854 2 0.388222 0.428547 2
1 0.309766 0.174306 0.035156 0.0625 0.308539 0.176136 2 0 0 0
0 0.372029 0.167925 0.049692 0.061372 0.349781 0.147796 2 0.394318 0.186725 2
3 0.462546 0.400314 0.062408 0.082705 0.434525 0.366599 2 0.490214 0.42685 2
3 0.458984 0.217361 0.039844 0.045833 0.440339 0.20124 2 0.477082 0.232581 2
2 0.228125 0.266667 0.032813 0.058333 0.228459 0.263174 2 0 0 0
2 0.279687 0.559028 0.025 0.043056 0.278965 0.557801 2 0 0 0
0 0.453168 0.613861 0.058354 0.073281 0.425822 0.586986 2 0.478923 0.637985 2
