1 0.25625 0.384028 0.0375 0.0625 0.255004 0.38379 2 0 0 0
3 0.462578 0.402483 0.039062 0.1125 0.447391 0.349696 2 0.477639 0.451636 2
3 0.356591 0.407624 0.043535 0.101221 0.337348 0.360913 2 0.375946 0.454605 2
2 0.210938 0.585417 0.042188 0.070833 0.210943 0.58135 2 0 0 0
2 0.226289 0.265382 0.032031 0.056944 0.227676 0.264582 2 0 0 0
0 0.376351 0.174574 0.037923 0.078629 0.36073 0.139549 2 0.390792 0.207838 2
1 0.309766 0.175 0.036719 0.061111 0.307993 0.177131 2 0 0 0
3 0.460938 0.211111 0.025 0.072222 0.451473 0.178807 2 0.468917 0.244128 2
2 0.279297 0.558333 0.024219 0.041667 0.278541 0.558151 2 0 0 0
0 0.449439 0.606619 0.04521 0.097583 0.432981 0.563725 2 0.468469 0.648602 2
