1 0.255859 0.384028 0.036719 0.0625 0.254866 0.38371 2 0 0 0
3 0.34904 0.402884 0.046094 0.101389 0.36775 0.356638 2 0.32935 0.449035 2
3 0.465175 0.404802 0.051562 0.102778 0.485931 0.361935 2 0.44422 0.450212 2
2 0.210547 0.585417 0.042969 0.070833 0.21101 0.58264 2 0 0 0
1 0.310156 0.175694 0.035937 0.0625 0.308206 0.175495 2 0 0 0
0 0.378125 0.165972 0.039062 0.076389 0.393858 0.136973 2 0.362069 0.19636 2
2 0.227734 0.269444 0.032031 0.058333 0.227677 0.263139 2 0 0 0
3 0.466016 0.2125 0.035156 0.061111 0.480965 0.186558 2 0.451172 0.234816 2
2 0.279687 0.558333 0.025 0.041667 0.27915 0.557888 2 0 0 0
0 0.433473 0.592831 0.044713 0.1028 0.45012 0.54594 2 0.414964 0.638355 2
