1 0.25625 0.384028 0.035937 0.0625 0.25877 0.3808 2 0 0 0
2 0.210938 0.584722 0.042188 0.069444 0.210135 0.579531 2 0 0 0
1 0.310156 0.175 0.035937 0.061111 0.308218 0.17583 2 0 0 0
0 0.378532 0.16343 0.046061 0.062029 0.399861 0.141831 2 0.357819 0.184204 2
3 0.465075 0.403719 0.064221 0.068267 0.494869 0.379002 2 0.436606 0.427848 2
2 0.227734 0.268056 0.033594 0.058333 0.227889 0.26257 2 0 0 0
3 0.351529 0.405485 0.066208 0.045904 0.381985 0.388418 2 0.321074 0.420786 2
2 0.278906 0.559028 0.025 0.043056 0.278751 0.558416 2 0 0 0
3 0.466565 0.210393 0.04138 0.042961 0.484276 0.194798 2 0.44753 0.224812 2
0 0.43462 0.58557 0.056939 0.07533 0.461103 0.560852 2 0.410454 0.610287 2
