1 0.255859 0.383333 0.036719 0.063889 0.258469 0.380886 2 0 0 0
2 0.210156 0.585417 0.042188 0.070833 0.210741 0.581626 2 0 0 0
3 0.463792 0.414797 0.067007 0.038996 0.494291 0.419338 2 0.433293 0.409188 2
1 0.309375 0.175 0.035937 0.061111 0.307912 0.17624 2 0 0 0
3 0.341947 0.397436 0.06851 0.024573 0.375 0.39797 2 0.309495 0.392628 2
2 0.227344 0.268056 0.032813 0.058333 0.228207 0.26367 2 0 0 0
0 0.379688 0.198611 0.048438 0.05 0.402344 0.199252 2 0.357272 0.1875 2
3 0.469413 0.20603 0.043986 0.024052 0.450149 0.203704 2 0.489335 0.208113 2
2 0.279297 0.558333 0.024219 0.041667 0.278774 0.557937 2 0 0 0
0 0.44156 0.596538 0.059902 0.055255 0.469952 0.596955 2 0.412861 0.597845 2
