1 0.255859 0.384028 0.036719 0.0625 0.256157 0.382538 2 0 0 0
2 0.210547 0.585417 0.042969 0.070833 0.210714 0.582669 2 0 0 0
1 0.295312 0.154861 0.035937 0.0625 0.295832 0.152467 2 0 0 0
0 0.467578 0.228472 0.042969 0.0625 0.485595 0.246747 2 0.44842 0.203377 2
2 0.227734 0.268056 0.032031 0.058333 0.227573 0.263051 2 0 0 0
3 0.460938 0.584028 0.057813 0.0875 0.435351 0.548276 2 0.487337 0.617978 2
3 0.470339 0.4178 0.037448 0.056067 0.454809 0.394413 2 0.487047 0.439849 2
3 0.358594 0.202083 0.064062 0.070833 0.329926 0.174463 2 0.390044 0.229709 2
0 0.352344 0.381944 0.05625 0.077778 0.377767 0.406338 2 0.326244 0.350348 2
2 0.279687 0.558333 0.025 0.041667 0.279023 0.557685 2 0 0 0
