1 0.25625 0.384028 0.0375 0.0625 0.255935 0.381854 2 0 0 0
2 0.210938 0.585417 0.042188 0.070833 0.210608 0.583148 2 0 0 0
1 0.295312 0.153472 0.035937 0.0625 0.295878 0.155422 2 0 0 0
0 0.459766 0.222917 0.041406 0.079167 0.443811 0.25242 2 0.477148 0.191798 2
2 0.227734 0.268056 0.032031 0.058333 0.227097 0.264557 2 0 0 0
3 0.377344 0.20625 0.053125 0.0875 0.400804 0.168273 2 0.353217 0.243146 2
3 0.446094 0.600694 0.048438 0.104167 0.466422 0.553923 2 0.426195 0.647742 2
0 0.349025 0.394923 0.052287 0.090237 0.32655 0.432975 2 0.371445 0.354642 2
3 0.447266 0.403472 0.038281 0.056944 0.463138 0.380869 2 0.431008 0.426839 2
2 0.279297 0.558333 0.024219 0.041667 0.278587 0.55753 2 0 0 0
