1 0.255859 0.383333 0.036719 0.063889 0.255736 0.384435 2 0 0 0
2 0.210547 0.585417 0.042969 0.070833 0.210926 0.581837 2 0 0 0
1 0.295312 0.154861 0.035937 0.0625 0.295869 0.14931 2 0 0 0
3 0.444599 0.597136 0.067052 0.055727 0.476273 0.579561 2 0.413002 0.610425 2
3 0.377323 0.2003 0.06478 0.045345 0.407601 0.182583 2 0.346368 0.217568 2
0 0.464062 0.234028 0.046875 0.0625 0.442422 0.246667 2 0.485625 0.211389 2
2 0.279687 0.558333 0.025 0.041667 0.279253 0.558417 2 0 0 0
2 0.226756 0.26875 0.032031 0.056944 0.228405 0.264606 2 0 0 0
3 0.447041 0.418658 0.043452 0.03551 0.467206 0.407426 2 0.427914 0.428626 2
0 0.349917 0.404079 0.062665 0.060423 0.322508 0.415618 2 0.378914 0.387214 2
