1 0.255859 0.384028 0.036719 0.0625 0.258621 0.379869 2 0 0 0
2 0.210547 0.585417 0.042969 0.070833 0.210258 0.580073 2 0 0 0
3 0.378906 0.197917 0.06875 0.034722 0.34597 0.187319 2 0.411254 0.205666 2
1 0.295703 0.154861 0.036719 0.0625 0.297714 0.151187 2 0 0 0
3 0.449321 0.415197 0.041634 0.026523 0.429451 0.408249 2 0.468889 0.418097 2
3 0.44465 0.603736 0.066949 0.042528 0.412993 0.593956 2 0.475977 0.611542 2
0 0.46609 0.22602 0.047507 0.04796 0.444136 0.220387 2 0.489139 0.232122 2
2 0.227734 0.268056 0.032031 0.055556 0.226257 0.266544 2 0 0 0
2 0.279687 0.558333 0.025 0.041667 0.279189 0.558597 2 0 0 0
0 0.347434 0.406996 0.061381 0.052675 0.318948 0.402214 2 0.376543 0.418136 2
