1 0.255859 0.382639 0.036719 0.0625 0.255188 0.380684 2 0 0 0
2 0.210938 0.585417 0.042188 0.070833 0.210906 0.581663 2 0 0 0
3 0.445905 0.596812 0.053503 0.100821 0.422978 0.55294 2 0.468 0.63847 2
3 0.372656 0.18125 0.057813 0.081944 0.345395 0.144097 2 0.397692 0.216283 2
1 0.295312 0.153472 0.035937 0.0625 0.294009 0.150312 2 0 0 0
0 0.467377 0.214116 0.041809 0.071767 0.449672 0.185343 2 0.486068 0.243174 2
2 0.227734 0.269444 0.032031 0.058333 0.228872 0.264011 2 0 0 0
3 0.45625 0.407639 0.035937 0.059722 0.440781 0.384028 2 0.471953 0.431528 2
2 0.279297 0.558333 0.024219 0.041667 0.278574 0.558593 2 0 0 0
0 0.351425 0.394894 0.056723 0.080869 0.325374 0.364632 2 0.377311 0.423709 2
