1 0.25625 0.383333 0.0375 0.063889 0.254886 0.381839 2 0 0 0
3 0.375983 0.189359 0.041784 0.101837 0.357359 0.141129 2 0.394153 0.236559 2
2 0.210547 0.584722 0.042969 0.069444 0.210719 0.5813 2 0 0 0
1 0.29526 0.152267 0.036525 0.06748 0.294987 0.152131 2 0 0 0
3 0.461763 0.410266 0.021094 0.076389 0.453835 0.376632 2 0.468559 0.446539 2
3 0.448719 0.593926 0.043186 0.112147 0.431929 0.544114 2 0.463947 0.644866 2
0 0.354354 0.393676 0.045979 0.098759 0.336908 0.34984 2 0.373978 0.434528 2
0 0.468322 0.213127 0.033669 0.084857 0.459299 0.174283 2 0.480721 0.251344 2
2 0.278407 0.558333 0.025 0.041667 0.278992 0.558558 2 0 0 0
2 0.227664 0.266667 0.032813 0.058333 0.229141 0.261194 2 0 0 0
