1 0.266797 0.40625 0.036719 0.0625 0.267261 0.405396 2 0 0 0
3 0.384011 0.416903 0.069478 0.041194 0.350499 0.408304 2 0.416762 0.422848 2
2 0.210379 0.584013 0.043304 0.07364 0.210506 0.582493 2 0 0 0
1 0.310156 0.175 0.035937 0.061111 0.309596 0.172339 2 0 0 0
2 0.279213 0.559148 0.025949 0.042816 0.279695 0.558225 2 0 0 0
0 0.477959 0.420161 0.048769 0.051345 0.455825 0.403941 2 0.501023 0.433392 2
2 0.227344 0.264583 0.03125 0.054167 0.226233 0.260315 2 0 0 0
3 0.47502 0.598422 0.043709 0.025378 0.454802 0.593005 2 0.495092 0.601731 2
3 0.47864 0.226338 0.067719 0.025102 0.510226 0.231966 2 0.44703 0.221786 2
0 0.389766 0.205061 0.060946 0.060355 0.361543 0.193063 2 0.418398 0.221422 2
