1 0.25625 0.384028 0.035937 0.0625 0.255648 0.383933 2 0 0 0
2 0.210547 0.585417 0.042969 0.070833 0.211425 0.581217 2 0 0 0
2 0.227328 0.265221 0.032813 0.058333 0.228691 0.261206 2 0 0 0
3 0.444141 0.6 0.025781 0.119444 0.451095 0.542569 2 0.437191 0.655956 2
1 0.294789 0.150595 0.036485 0.061527 0.294962 0.152069 2 0 0 0
3 0.381864 0.190873 0.012835 0.118254 0.383185 0.133862 2 0.380952 0.24709 2
0 0.468843 0.204861 0.026376 0.0875 0.475149 0.163492 2 0.460863 0.244974 2
3 0.460496 0.409347 0.019632 0.075454 0.466358 0.374575 2 0.455995 0.441185 2
2 0.278093 0.557639 0.025 0.045833 0.279229 0.555636 2 0 0 0
0 0.356822 0.398456 0.030883 0.109806 0.361992 0.345313 2 0.349773 0.448218 2
