1 0.254283 0.381334 0.036719 0.0625 0.255004 0.382569 2 0 0 0
2 0.210938 0.585417 0.042188 0.070833 0.210992 0.581934 2 0 0 0
3 0.385937 0.19375 0.053125 0.081944 0.409146 0.15622 2 0.361496 0.229855 2
0 0.469141 0.2 0.039844 0.069444 0.485756 0.171187 2 0.451071 0.227161 2
1 0.294672 0.151765 0.035937 0.0625 0.296491 0.149647 2 0 0 0
3 0.447656 0.599306 0.060937 0.0875 0.475474 0.566314 2 0.420402 0.636327 2
3 0.462891 0.40625 0.036719 0.056944 0.479189 0.384608 2 0.446693 0.427712 2
0 0.355233 0.398524 0.055159 0.083507 0.379512 0.36605 2 0.331358 0.431005 2
2 0.278906 0.558652 0.025 0.044444 0.279051 0.554588 2 0 0 0
2 0.22661 0.265565 0.03125 0.054167 0.227482 0.262805 2 0 0 0
