1 0.267578 0.40625 0.036719 0.0625 0.267397 0.405856 2 0 0 0
2 0.210938 0.585417 0.042188 0.070833 0.210955 0.581893 2 0 0 0
3 0.383984 0.411111 0.067969 0.075 0.352199 0.381114 2 0.413128 0.434707 2
1 0.310156 0.175694 0.035937 0.0625 0.308884 0.175007 2 0 0 0
3 0.473828 0.589583 0.038281 0.056944 0.456861 0.569444 2 0.491041 0.611715 2
3 0.482006 0.231698 0.061719 0.063889 0.453208 0.204214 2 0.511073 0.257253 2
0 0.471722 0.432443 0.047554 0.064915 0.449856 0.410553 2 0.493589 0.454333 2
2 0.280078 0.559028 0.024219 0.043056 0.279649 0.558546 2 0 0 0
2 0.227344 0.265278 0.03125 0.052778 0.226198 0.261081 2 0 0 0
0 0.389493 0.193487 0.058515 0.079692 0.362872 0.166469 2 0.415603 0.223209 2
