2 0.474888 0.365961 0.028522 0.05291 0.472656 0.365278 2 0 0 0
2 0.680122 0.473986 0.024182 0.037478 0.679688 0.472222 2 0 0 0
2 0.685392 0.379464 0.039683 0.067791 0.683594 0.376389 2 0 0 0
1 0.416605 0.493552 0.035342 0.058973 0.416406 0.493056 2 0 0 0
1 0.738715 0.499063 0.026042 0.046847 0.738281 0.497222 2 0 0 0
1 0.618738 0.355489 0.035342 0.060626 0.617969 0.352778 2 0 0 0
3 0.554402 0.381721 0.064196 0.03353 0.522656 0.388889 2 0.584375 0.369444 2
3 0.617986 0.494938 0.036225 0.110213 0.603906 0.443056 2 0.63125 0.545833 2
0 0.474113 0.500716 0.045573 0.094246 0.457031 0.540278 2 0.492188 0.458333 2
0 0.541817 0.468692 0.040468 0.070777 0.525 0.440278 2 0.557813 0.497222 2
0 0.754216 0.374504 0.060144 0.105269 0.728906 0.329167 2 0.778906 0.418056 2
