1 0.491138 0.363307 0.0281 0.047211 0.490625 0.3625 2 0 0 0
1 0.555212 0.379776 0.03335 0.058191 0.553906 0.379167 2 0 0 0
1 0.73246 0.377306 0.034585 0.063131 0.73125 0.375 2 0 0 0
2 0.559227 0.472003 0.038291 0.065876 0.557813 0.470833 2 0 0 0
2 0.744503 0.502196 0.032115 0.054897 0.74375 0.5 2 0 0 0
3 0.43154 0.482982 0.057745 0.083443 0.45625 0.447222 2 0.405469 0.518056 2
3 0.679366 0.393659 0.021243 0.111061 0.671094 0.338889 2 0.686719 0.447222 2
0 0.497468 0.488746 0.045702 0.093874 0.48125 0.527778 2 0.515625 0.445833 2
0 0.62493 0.357633 0.035638 0.124975 0.625 0.297222 2 0.625 0.418056 2
0 0.690227 0.497645 0.037815 0.071048 0.675781 0.529167 2 0.705469 0.465278 2
2 0.610641 0.496706 0.023777 0.039526 0.610156 0.494444 2 0 0 0
