0 0.217912 0.621429 0.062054 0.119048 0.195312 0.569444 2 0.241406 0.670833 2
0 0.434532 0.604713 0.026298 0.085302 0.438281 0.563889 2 0.424219 0.644444 2
0 0.352902 0.732937 0.053125 0.096032 0.328906 0.770833 2 0.374219 0.690278 2
2 0.284821 0.611905 0.024107 0.04127 0.283594 0.611111 2 0 0 0
2 0.416741 0.720635 0.030804 0.053968 0.415625 0.716667 2 0 0 0
2 0.278348 0.840476 0.040625 0.074603 0.278906 0.834722 2 0 0 0
1 0.481027 0.730556 0.028125 0.05 0.479687 0.727778 2 0 0 0
1 0.285491 0.715873 0.037946 0.063492 0.284375 0.7125 2 0 0 0
3 0.353774 0.60865 0.029952 0.112859 0.340625 0.554167 2 0.365625 0.661111 2
3 0.417749 0.833852 0.04264 0.115323 0.435937 0.779167 2 0.4 0.886111 2
1 0.35067 0.835317 0.037054 0.062698 0.350781 0.834722 2 0 0 0
