0 0.209598 0.483333 0.067411 0.111111 0.18125 0.436111 2 0.236719 0.530556 2
0 0.421451 0.493253 0.024063 0.088097 0.421094 0.451389 2 0.419531 0.533333 2
0 0.342634 0.580556 0.058482 0.081746 0.316406 0.605556 2 0.367188 0.548611 2
2 0.284152 0.475794 0.024554 0.042063 0.282813 0.473611 2 0 0 0
2 0.422321 0.606349 0.033036 0.055556 0.421094 0.604167 2 0 0 0
2 0.285045 0.722619 0.041518 0.072222 0.285156 0.719444 2 0 0 0
1 0.289955 0.604762 0.035268 0.063492 0.289062 0.601389 2 0 0 0
1 0.351116 0.707143 0.035268 0.060317 0.35 0.708333 2 0 0 0
1 0.479911 0.731746 0.027679 0.050794 0.479687 0.729167 2 0 0 0
3 0.477247 0.589454 0.034852 0.113828 0.464062 0.640278 2 0.489063 0.536111 2
3 0.350454 0.473796 0.064732 0.042063 0.38125 0.4875 2 0.31875 0.455556 2
