0 0.224777 0.344841 0.062054 0.123016 0.202344 0.288889 2 0.247656 0.397222 2
0 0.409841 0.387657 0.029612 0.084901 0.403906 0.347222 2 0.419531 0.425 2
0 0.350216 0.479365 0.055357 0.087302 0.326562 0.509722 2 0.371094 0.443056 2
2 0.29442 0.369444 0.024554 0.043651 0.292969 0.369444 2 0 0 0
2 0.41875 0.484524 0.03125 0.05 0.417969 0.480556 2 0 0 0
2 0.278348 0.598016 0.039732 0.072222 0.275781 0.595833 2 0 0 0
1 0.289429 0.478869 0.039589 0.065559 0.288281 0.479167 2 0 0 0
1 0.485268 0.488889 0.027679 0.049206 0.484375 0.486111 2 0 0 0
1 0.352009 0.579365 0.032589 0.061905 0.351562 0.577778 2 0 0 0
3 0.471429 0.371825 0.049107 0.097619 0.449219 0.327778 2 0.491406 0.4125 2
3 0.350179 0.353452 0.066607 0.016905 0.317188 0.354167 2 0.382031 0.35 2
