1 0.166637 0.366951 0.032404 0.048927 0.164844 0.363889 2 0 0 0
1 0.291593 0.34959 0.036399 0.061553 0.2875 0.347222 2 0 0 0
1 0.687766 0.373658 0.035955 0.057607 0.686719 0.370833 2 0 0 0
2 0.227672 0.357086 0.043501 0.067077 0.225 0.354167 2 0 0 0
2 0.553045 0.381944 0.023082 0.037879 0.551562 0.381944 2 0 0 0
2 0.621848 0.378788 0.030185 0.056818 0.621094 0.376389 2 0 0 0
0 0.355364 0.37329 0.034922 0.10727 0.35 0.319444 2 0.363281 0.422222 2
0 0.506436 0.370107 0.060369 0.107323 0.529687 0.413889 2 0.48125 0.323611 2
0 0.801181 0.378788 0.030185 0.082071 0.805469 0.341667 2 0.790625 0.4125 2
3 0.420977 0.379336 0.066161 0.024157 0.389062 0.377778 2 0.453125 0.379167 2
3 0.74747 0.398122 0.04794 0.081282 0.766406 0.359722 2 0.726562 0.430556 2
