2 0.498106 0.375 0.02178 0.039562 0.497656 0.373611 2 0 0 0
2 0.558949 0.375421 0.030777 0.052189 0.557031 0.373611 2 0 0 0
2 0.743845 0.619529 0.041667 0.070707 0.74375 0.616667 2 0 0 0
1 0.690104 0.376263 0.035511 0.060606 0.689063 0.373611 2 0 0 0
1 0.484612 0.494108 0.034564 0.060606 0.483594 0.491667 2 0 0 0
1 0.429688 0.505471 0.028883 0.049663 0.428125 0.504167 2 0 0 0
3 0.609375 0.386364 0.032197 0.102694 0.622656 0.336111 2 0.594531 0.434722 2
3 0.684422 0.505471 0.038352 0.110269 0.698438 0.452778 2 0.66875 0.554167 2
0 0.553741 0.484428 0.039299 0.103535 0.565625 0.4375 2 0.539062 0.529167 2
0 0.620502 0.492707 0.034564 0.077441 0.632031 0.456944 2 0.60625 0.526389 2
