2 0.4754 0.711673 0.024153 0.039758
2 0.545175 0.711938 0.031906 0.054071
2 0.74511 0.844466 0.040553 0.074215
1 0.676079 0.72042 0.036081 0.063613 0.675781 0.716667 2 0 0 0
1 0.480767 0.848972 0.035484 0.067324 0.479687 0.847222 2 0 0 0
1 0.409351 0.845791 0.029819 0.053541 0.407813 0.844444 2 0 0 0
3 0.615398 0.726929 0.052481 0.078986 0.639062 0.690278 2 0.590625 0.761111 2
3 0.677837 0.850448 0.035548 0.117382 0.690625 0.797222 2 0.664062 0.902778 2
0 0.546008 0.843225 0.045412 0.109564 0.559375 0.891667 2 0.528906 0.794444 2
0 0.753191 0.740343 0.075084 0.068297 0.788281 0.729167 2 0.716406 0.759722 2
0 0.615995 0.850032 0.036975 0.082167 0.628125 0.813889 2 0.600781 0.884722 2
