2 0.476873 0.829878 0.021766 0.045605 0.475781 0.829167 2 0 0 0
2 0.542561 0.836788 0.031095 0.055279 0.540625 0.836111 2 0 0 0
2 0.739077 0.965723 0.038555 0.065775 0.7375 0.966667 2 0 0 0
1 0.670243 0.850263 0.034593 0.067026 0.669531 0.847222 2 0 0 0
1 0.398748 0.969804 0.028762 0.054588 0.397656 0.969444 2 0 0 0
1 0.474736 0.96704 0.036147 0.06288 0.473438 0.969444 2 0 0 0
3 0.603274 0.848782 0.064363 0.042347 0.633594 0.831944 2 0.572656 0.863889 2
3 0.675739 0.955501 0.067957 0.038262 0.642969 0.947222 2 0.708594 0.963889 2
0 0.748562 0.846808 0.076182 0.06288 0.785156 0.847222 2 0.710156 0.852778 2
0 0.546109 0.947391 0.048197 0.100193 0.566406 0.993056 2 0.526563 0.902778 2
0 0.612365 0.959262 0.024559 0.078699 0.614062 0.922222 2 0.60625 0.997222 2
