1 0.150222 0.839549 0.032519 0.054287 0.147656 0.841667 2 0 0 0
1 0.285454 0.823816 0.036485 0.064157 0.284375 0.823611 2 0 0 0
1 0.677665 0.847434 0.035692 0.066272 0.677344 0.847222 2 0 0 0
2 0.215657 0.710307 0.045209 0.071207 0.214062 0.705556 2 0 0 0
2 0.616394 0.843909 0.032122 0.059222 0.615625 0.841667 2 0 0 0
2 0.5579 0.844614 0.023794 0.043711 0.557031 0.843056 2 0 0 0
0 0.356044 0.838268 0.051555 0.101523 0.370312 0.881944 2 0.333594 0.793056 2
0 0.480568 0.840384 0.059486 0.121263 0.457031 0.891667 2 0.504687 0.788889 2
0 0.808138 0.847786 0.032519 0.082487 0.815625 0.809722 2 0.796094 0.884722 2
3 0.42247 0.840031 0.047192 0.112098 0.441406 0.7875 2 0.400781 0.890278 2
3 0.735168 0.841794 0.042037 0.097293 0.753906 0.794444 2 0.715625 0.884722 2
