0 0.619816 0.733643 0.059635 0.11611 0.595791 0.683465 2 0.645939 0.783252 2
1 0.742578 0.738194 0.036719 0.0625 0.742591 0.735709 2 0 0 0
3 0.416403 0.833146 0.033256 0.122935 0.426696 0.774493 2 0.405581 0.892736 2
0 0.691037 0.83973 0.047614 0.05665 0.668813 0.855199 2 0.712979 0.822041 2
1 0.548828 0.725694 0.035156 0.0625 0.548822 0.727243 2 0 0 0
2 0.552344 0.825694 0.040625 0.070833 0.553341 0.822341 2 0 0 0
3 0.679307 0.732942 0.050802 0.088107 0.655968 0.691911 2 0.703301 0.774493 2
0 0.484766 0.835417 0.058594 0.081944 0.457313 0.864271 2 0.5101 0.806713 2
2 0.74375 0.838194 0.03125 0.056944 0.744103 0.834939 2 0 0 0
2 0.616406 0.853472 0.021875 0.040278 0.615955 0.854476 2 0 0 0
1 0.48125 0.730556 0.028125 0.05 0.481022 0.730101 2 0 0 0
