2 0.408984 0.71875 0.058594 0.104167 0.413281 0.713889 2 0 0 0
1 0.739062 0.395833 0.035937 0.058333 0.738281 0.395833 2 0 0 0
0 0.567578 0.388194 0.052344 0.120833 0.583594 0.438889 2 0.546875 0.333333 2
1 0.358594 0.370833 0.035937 0.063889 0.35625 0.366667 2 0 0 0
2 0.678516 0.384028 0.032031 0.056944 0.678125 0.380556 2 0 0 0
3 0.490625 0.380556 0.03125 0.113889 0.478906 0.323611 2 0.500781 0.433333 2
1 0.225 0.360417 0.029687 0.051389 0.224219 0.358333 2 0 0 0
2 0.619531 0.384028 0.023438 0.040278 0.61875 0.381944 2 0 0 0
0 0.418359 0.370139 0.028906 0.104167 0.425 0.320833 2 0.409375 0.419444 2
0 0.151953 0.356944 0.025781 0.091667 0.15 0.398611 2 0.158594 0.313889 2
3 0.798438 0.404795 0.0125 0.112368 0.795312 0.35 2 0.800781 0.456944 2
