2 0.409375 0.71875 0.057813 0.104167 0.414062 0.713889 2 0 0 0
1 0.739453 0.395833 0.035156 0.061111 0.7375 0.395833 2 0 0 0
2 0.678125 0.383333 0.03125 0.055556 0.677344 0.380556 2 0 0 0
0 0.567969 0.3875 0.053125 0.119444 0.584375 0.440278 2 0.546875 0.333333 2
1 0.358594 0.370139 0.035937 0.0625 0.357031 0.368056 2 0 0 0
3 0.490625 0.380556 0.03125 0.113889 0.479687 0.323611 2 0.500781 0.433333 2
1 0.225 0.359722 0.028125 0.05 0.225 0.355556 2 0 0 0
0 0.419635 0.370039 0.033076 0.106425 0.425 0.319444 2 0.409375 0.419444 2
0 0.152344 0.356944 0.026562 0.088889 0.15 0.398611 2 0.158594 0.313889 2
2 0.619922 0.384028 0.022656 0.040278 0.619531 0.381944 2 0 0 0
3 0.798597 0.404766 0.012819 0.11231 0.795312 0.348611 2 0.800781 0.458333 2
