3 0.746484 0.499306 0.053906 0.079167 0.721094 0.463889 2 0.782031 0.4875 2 0.771094 0.533333 2
0 0.496436 0.487573 0.066886 0.097953 0.524219 0.452778 2 0.447656 0.456944 2 0.466406 0.525 2
1 0.676562 0.50625 0.034375 0.059722 0.675 0.505556 2 0 0 0
3 0.422266 0.497917 0.055469 0.090278 0.396094 0.534722 2 0.38125 0.456944 2
1 0.284375 0.474306 0.0375 0.0625 0.282031 0.470833 2 0 0 0
0 0.80625 0.504167 0.048438 0.055556 0.828906 0.519444 2 0 0 0
0 0.355818 0.488511 0.058676 0.081311 0.329688 0.516667 2 0 0 0
2 0.2125 0.478472 0.045312 0.068056 0.213281 0.470833 2 0 0 0
2 0.613672 0.505556 0.030469 0.055556 0.6125 0.505556 2 0 0 0
2 0.555469 0.50625 0.025 0.040278 0.555469 0.505556 2 0 0 0
1 0.15625 0.458333 0.029687 0.052778 0.157031 0.458333 2 0 0 0
