2 0.621094 0.378472 0.03125 0.056944 0.61875 0.375 2 0 0 0
0 0.50625 0.369444 0.060937 0.108333 0.530469 0.4125 2 0.480469 0.322222 2
3 0.746985 0.397417 0.046601 0.085283 0.767969 0.356944 2 0.725 0.434722 2
1 0.290625 0.350694 0.0375 0.065278 0.289844 0.347222 2 0 0 0
0 0.800164 0.380117 0.032346 0.088694 0.808594 0.3375 2 0.789844 0.422222 2
2 0.226953 0.356944 0.042969 0.066667 0.227344 0.356944 2 0 0 0
1 0.6875 0.375 0.035937 0.058333 0.686719 0.373611 2 0 0 0
0 0.354352 0.374878 0.035266 0.110867 0.348438 0.322222 2 0.364844 0.427778 2
1 0.167187 0.365972 0.029687 0.054167 0.166406 0.363889 2 0 0 0
3 0.421053 0.379386 0.068531 0.026803 0.388281 0.377778 2 0.453906 0.379167 2
2 0.552734 0.382639 0.022656 0.0375 0.552344 0.381944 2 0 0 0
