3 0.668963 0.526393 0.025632 0.115923 0.675781 0.469444 2 0.663281 0.581944 2
3 0.737246 0.388415 0.02112 0.112642 0.745313 0.333333 2 0.728906 0.441667 2
0 0.49809 0.377654 0.046008 0.12247 0.5125 0.434722 2 0.48125 0.319444 2
1 0.422656 0.48125 0.029687 0.051389 0.421094 0.480556 2 0 0 0
1 0.548809 0.494444 0.034375 0.061111 0.548438 0.488889 2 0 0 0
0 0.608678 0.493584 0.049828 0.099883 0.628125 0.45 2 0.589844 0.531944 2
1 0.687109 0.375694 0.036719 0.059722 0.685156 0.375 2 0 0 0
2 0.478516 0.490278 0.035156 0.066667 0.479687 0.484722 2 0 0 0
2 0.621094 0.378472 0.03125 0.054167 0.621875 0.377778 2 0 0 0
0 0.740322 0.516915 0.031783 0.08676 0.748437 0.476389 2 0.730469 0.555556 2
2 0.552344 0.382639 0.023438 0.040278 0.550781 0.381944 2 0 0 0
