3 0.609758 0.386438 0.03508 0.104031 0.623437 0.334722 2 0.633594 0.456944 2 0.595313 0.436111 2
3 0.684283 0.505501 0.037684 0.11122 0.699219 0.451389 2 0.66875 0.556944 2
1 0.484766 0.494444 0.035156 0.061111 0.484375 0.488889 2 0 0 0
0 0.553309 0.484613 0.040135 0.105392 0.565625 0.436111 2 0.538281 0.530556 2
2 0.743359 0.620139 0.041406 0.070833 0.746875 0.615278 2 0 0 0
2 0.558594 0.377083 0.03125 0.054167 0.557031 0.375 2 0 0 0
1 0.429297 0.505556 0.027344 0.047222 0.428906 0.501389 2 0 0 0
0 0.620313 0.493056 0.035937 0.077778 0.60625 0.529167 2 0 0 0
1 0.689453 0.375694 0.036719 0.059722 0.689063 0.376389 2 0 0 0
2 0.498437 0.375 0.020313 0.036111 0.496875 0.375 2 0 0 0
