1 0.681641 0.50625 0.035156 0.059722 0.682813 0.509722 2 0.6875 0.538889 2
3 0.595393 0.494157 0.029384 0.108437 0.607031 0.440278 2 0.567969 0.570833 2 0.583594 0.545833 2
1 0.482031 0.597222 0.034375 0.058333 0.480469 0.597222 2 0 0 0
0 0.617812 0.620046 0.037187 0.078981 0.630469 0.584722 2 0.601562 0.654167 2
3 0.681317 0.594807 0.027991 0.113163 0.671875 0.648611 2 0 0 0
0 0.746094 0.5125 0.046875 0.119444 0.73125 0.565278 2 0.764844 0.455556 2
2 0.550781 0.507639 0.03125 0.054167 0.55 0.506944 2 0 0 0
2 0.744141 0.621528 0.039844 0.065278 0.742969 0.613889 2 0 0 0
1 0.422266 0.597222 0.028906 0.047222 0.421875 0.597222 2 0 0 0
0 0.546652 0.609403 0.052223 0.090364 0.525 0.645833 2 0 0 0
2 0.483594 0.497222 0.023438 0.038889 0.484375 0.498611 2 0 0 0
