1 0.676562 0.616667 0.034375 0.061111 0.675781 0.616667 2 0 0 0
0 0.737891 0.589583 0.057031 0.115278 0.757812 0.5375 2 0.715625 0.641667 2
2 0.747656 0.715278 0.042188 0.066667 0.747656 0.709722 2 0.707812 0.722222 2
0 0.548502 0.733924 0.054558 0.087708 0.572656 0.768056 2 0.524219 0.697222 2 0.5875 0.731944 2
1 0.463281 0.7375 0.035937 0.063889 0.461719 0.733333 2 0 0 0
1 0.401953 0.729167 0.028906 0.05 0.402344 0.726389 2 0 0 0
2 0.544141 0.61875 0.032031 0.054167 0.54375 0.619444 2 0 0 0
2 0.483203 0.609722 0.022656 0.041667 0.484375 0.609722 2 0 0 0
3 0.675817 0.721779 0.067226 0.029152 0.634375 0.722222 2 0.642969 0.718056 2
3 0.611719 0.60625 0.014063 0.118056 0.607031 0.548611 2 0.615625 0.6625 2
0 0.611549 0.725248 0.051058 0.04338
