0 0.752765 0.740696 0.077283 0.074164 0.788281 0.727778 2 0.716406 0.761111 2
3 0.677905 0.851155 0.035523 0.117539 0.690625 0.795833 2 0.664844 0.904167 2
1 0.480859 0.847917 0.036719 0.065278 0.482812 0.843056 2 0 0 0
2 0.744141 0.844444 0.039844 0.069444 0.745313 0.841667 2 0 0 0
0 0.545232 0.84239 0.045004 0.108999 0.559375 0.891667 2 0.528125 0.793056 2
2 0.545312 0.713889 0.032813 0.058333 0.54375 0.706944 2 0 0 0
3 0.615234 0.727778 0.052344 0.083333 0.639844 0.688889 2 0.589844 0.763889 2
0 0.61531 0.849577 0.035308 0.082488 0.628906 0.8125 2 0.600781 0.884722 2
1 0.676562 0.71875 0.034375 0.0625 0.674219 0.716667 2 0 0 0
1 0.409766 0.84375 0.028906 0.051389 0.409375 0.843056 2 0 0 0
2 0.475391 0.711806 0.024219 0.045833 0.474219 0.711111 2 0 0 0
