3 0.675582 0.95595 0.06849 0.039097 0.642188 0.947222 2 0.709375 0.965278 2
0 0.748446 0.847686 0.078751 0.06657 0.785156 0.845833 2 0.709375 0.852778 2
1 0.669922 0.85 0.036719 0.066667 0.667969 0.85 2 0.633594 0.831944 2
0 0.547266 0.948611 0.047656 0.102778 0.567187 0.995833 2 0.527344 0.904167 2
1 0.398828 0.970833 0.028906 0.052778 0.397656 0.970833 2 0 0 0
2 0.739062 0.965972 0.040625 0.068056 0.739062 0.965278 2 0 0 0
1 0.475 0.965972 0.035937 0.065278 0.475 0.969444 2 0 0 0
2 0.476953 0.830556 0.024219 0.044444 0.475781 0.827778 2 0 0 0
3 0.603906 0.848611 0.064062 0.044444 0.573438 0.863889 2 0 0 0
0 0.612109 0.960417 0.024219 0.079167 0.613281 0.922222 2 0.610938 1.0 2
2 0.541797 0.836806 0.030469 0.059722 0.541406 0.831944 2 0 0 0
