3 0.67565 0.95412 0.068996 0.041199 0.642188 0.947222 2 0.709375 0.963889 2
0 0.748688 0.848806 0.077063 0.067057 0.785937 0.848611 2 0.710938 0.848611 2
0 0.546041 0.948658 0.048543 0.102684 0.56875 0.998611 2 0.526563 0.904167 2
1 0.670312 0.85 0.035937 0.066667 0.667969 0.85 2 0.634375 0.831944 2
1 0.398438 0.970139 0.029687 0.054167 0.397656 0.970833 2 0 0 0
2 0.477344 0.829861 0.023438 0.043056 0.475781 0.826389 2 0 0 0
3 0.603745 0.848448 0.064798 0.044526 0.571875 0.863889 2 0 0 0
2 0.739062 0.965972 0.040625 0.068056 0.739062 0.965278 2 0 0 0
1 0.474609 0.965972 0.036719 0.065278 0.475 0.970833 2 0 0 0
0 0.612109 0.961111 0.024219 0.077778 0.614844 0.923611 2 0.610156 0.998611 2
2 0.541406 0.8375 0.03125 0.058333 0.540625 0.833333 2 0 0 0
