3 0.543465 0.833133 0.041095 0.103966 0.561719 0.783333 2 0.524219 0.883333 2
3 0.614844 0.959028 0.067187 0.059722 0.58125 0.943056 2 0.648438 0.979167 2
1 0.614453 0.839583 0.036719 0.0625 0.614062 0.838889 2 0 0 0
0 0.741467 0.844356 0.051441 0.122399 0.725 0.786111 2 0.761719 0.898611 2
2 0.676953 0.861111 0.039844 0.075 0.678906 0.854167 2 0 0 0
1 0.4125 0.954167 0.0375 0.063889 0.4125 0.956944 2 0 0 0
2 0.483984 0.835417 0.032031 0.059722 0.482031 0.833333 2 0 0 0
0 0.482812 0.946528 0.034375 0.104167 0.471875 0.995833 2 0.496094 0.897222 2
1 0.74375 0.974306 0.028125 0.048611 0.74375 0.973611 2 0 0 0
0 0.541406 0.961111 0.025 0.077778 0.539062 0.925 2 0.541406 1.0 2
2 0.669922 0.95 0.025781 0.047222 0.670312 0.951389 2 0 0 0
