2 0.391406 0.644444 0.051562 0.094444 0.389062 0.641667 2 0 0 0
1 0.739062 0.395833 0.035937 0.061111 0.738281 0.395833 2 0 0 0
2 0.678125 0.384028 0.03125 0.056944 0.677344 0.379167 2 0 0 0
1 0.358594 0.370139 0.035937 0.0625 0.357031 0.368056 2 0 0 0
0 0.567969 0.3875 0.053125 0.119444 0.584375 0.440278 2 0.547656 0.333333 2
3 0.490625 0.38125 0.03125 0.115278 0.479687 0.323611 2 0.500781 0.433333 2
1 0.225 0.359722 0.029687 0.052778 0.224219 0.356944 2 0 0 0
0 0.41777 0.369311 0.030086 0.105823 0.424219 0.319444 2 0.409375 0.420833 2
0 0.152344 0.356944 0.026562 0.088889 0.150781 0.398611 2 0.158594 0.3125 2
2 0.619922 0.384028 0.024219 0.040278 0.619531 0.381944 2 0 0 0
3 0.798438 0.404861 0.0125 0.1125 0.794531 0.348611 2 0.801562 0.458333 2
