1 0.409766 0.824306 0.036719 0.065278 0.408594 0.820833 2 0 0 0
0 0.744277 0.720807 0.064572 0.10283 0.716406 0.680556 2 0.773438 0.7625 2
1 0.737037 0.830608 0.028762 0.052883 0.736719 0.830556 2 0 0 0
3 0.545623 0.723353 0.018566 0.118677 0.539844 0.665278 2 0.551562 0.780556 2
1 0.622266 0.693056 0.035156 0.063889 0.621094 0.6875 2 0 0 0
0 0.487336 0.844322 0.059703 0.083578 0.458594 0.868056 2 0.514062 0.813889 2
0 0.55622 0.862898 0.029747 0.088093 0.564063 0.820833 2 0.545312 0.904167 2 0.578125 0.820833 2
2 0.494531 0.690972 0.03125 0.056944 0.492969 0.686111 2 0 0 0
3 0.610606 0.825063 0.067799 0.03208 0.64375 0.827778 2 0 0 0
2 0.683203 0.723611 0.039844 0.069444 0.680469 0.716667 2 0 0 0
2 0.664844 0.810417 0.023438 0.043056 0.664844 0.813889 2 0 0 0
