0 0.748437 0.617361 0.057813 0.1125 0.725781 0.566667 2 0.771875 0.666667 2
3 0.551876 0.60716 0.053752 0.080986 0.575781 0.570833 2 0.525781 0.644444 2
1 0.615625 0.604167 0.034375 0.061111 0.617188 0.6 2 0 0 0
3 0.604688 0.727083 0.065625 0.065278 0.635156 0.702778 2 0.573438 0.75 2
2 0.683984 0.615972 0.039844 0.065278 0.682813 0.611111 2 0 0 0
1 0.416797 0.727778 0.035156 0.063889 0.417187 0.723611 2 0.450781 0.709722 2
1 0.735938 0.709028 0.028125 0.048611 0.7375 0.711111 2 0 0 0
2 0.672266 0.720139 0.024219 0.043056 0.671875 0.719444 2 0 0 0
2 0.488672 0.576389 0.030469 0.05 0.4875 0.576389 2 0 0 0
0 0.480158 0.718832 0.061559 0.065114 0.509375 0.736111 2 0 0 0
0 0.544922 0.734028 0.024219 0.090278 0.541406 0.688889 2 0.549219 0.776389 2
