3 0.547381 0.484718 0.056634 0.071467 0.573438 0.454167 2 0.521094 0.538889 2 0.520312 0.516667 2
0 0.745313 0.503472 0.057813 0.109722 0.721875 0.452778 2 0.742188 0.581944 2 0.770312 0.55 2
1 0.614453 0.510417 0.035156 0.0625 0.614062 0.506944 2 0 0 0
3 0.607191 0.607241 0.063744 0.068851 0.635156 0.579167 2 0.577344 0.633333 2
2 0.678906 0.508333 0.039062 0.066667 0.677344 0.506944 2 0 0 0
0 0.5375 0.571528 0.040625 0.073611 0.553906 0.601389 2 0 0 0
1 0.421484 0.615972 0.035156 0.0625 0.419531 0.615278 2 0 0 0
1 0.739453 0.586111 0.025781 0.047222
2 0.495312 0.464583 0.029687 0.051389 0.492969 0.463889 2 0 0 0
0 0.478871 0.620573 0.045242 0.102256 0.4625 0.663889 2 0.496094 0.573611 2
2 0.676172 0.599306 0.024219 0.043056 0.674219 0.598611 2 0 0 0
