3 0.617578 0.495833 0.036719 0.111111 0.603906 0.441667 2 0.63125 0.545833 2
0 0.753346 0.373603 0.062059 0.108349 0.728906 0.330556 2 0.779687 0.416667 2
1 0.738672 0.498611 0.027344 0.05 0.738281 0.497222 2 0 0 0
0 0.541016 0.46875 0.041406 0.070833 0.523438 0.440278 2 0.557813 0.497222 2
2 0.683984 0.379167 0.039844 0.066667 0.684375 0.377778 2 0 0 0
1 0.61875 0.355556 0.034375 0.058333 0.617969 0.351389 2 0.585156 0.368056 2
2 0.473828 0.365972 0.030469 0.054167 0.472656 0.3625 2 0 0 0
1 0.416406 0.49375 0.034375 0.059722 0.415625 0.490278 2 0 0 0
0 0.474219 0.500694 0.046875 0.093056 0.457031 0.540278 2 0.49375 0.458333 2
3 0.554352 0.37938 0.064774 0.035067 0.521875 0.388889 2 0 0 0
2 0.679297 0.472917 0.022656 0.040278 0.678125 0.472222 2 0 0 0
