1 0.732031 0.376389 0.035937 0.061111 0.734375 0.375 2 0 0 0
1 0.555078 0.379861 0.033594 0.059722 0.55625 0.376389 2 0 0 0
0 0.624874 0.357403 0.034638 0.127877 0.624219 0.295833 2 0.625 0.419444 2
3 0.43125 0.482639 0.05625 0.0875 0.45625 0.445833 2 0.405469 0.519444 2
2 0.744922 0.500694 0.030469 0.054167 0.744531 0.498611 2 0 0 0
1 0.491406 0.363194 0.026562 0.048611 0.490625 0.363889 2 0 0 0
0 0.497656 0.488889 0.045312 0.097222 0.48125 0.530556 2 0.516406 0.445833 2
3 0.679297 0.39375 0.021094 0.1125 0.671094 0.3375 2 0.686719 0.445833 2
2 0.559766 0.472222 0.036719 0.066667 0.557031 0.466667 2 0 0 0
0 0.689678 0.498146 0.037831 0.073153 0.676562 0.527778 2 0.705469 0.465278 2
2 0.610156 0.495833 0.023438 0.038889 0.610938 0.495833 2 0 0 0
