3 0.684375 0.494444 0.029687 0.108333 0.672656 0.441667 2 0.702344 0.547222 2 0.7 0.565278 2
3 0.425391 0.604167 0.049219 0.1 0.446094 0.556944 2 0.404687 0.648611 2
0 0.625571 0.491977 0.045733 0.124379 0.614062 0.433333 2 0.642188 0.547222 2
1 0.742188 0.508333 0.035937 0.061111 0.742969 0.502778 2 0 0 0
2 0.553906 0.60625 0.0375 0.065278 0.553906 0.604167 2 0 0 0
1 0.552344 0.500694 0.034375 0.059722 0.550781 0.498611 2 0 0 0
0 0.489063 0.597222 0.048438 0.091667 0.46875 0.636111 2 0.508594 0.558333 2
1 0.483203 0.485417 0.027344 0.048611 0.482812 0.486111 2 0 0 0
2 0.741016 0.602778 0.030469 0.055556 0.740625 0.6 2 0 0 0
0 0.685937 0.599306 0.0375 0.076389 0.671875 0.630556 2 0 0 0
2 0.619141 0.61875 0.024219 0.040278 0.620313 0.6125 2 0 0 0
