1 0.745313 0.623611 0.035937 0.063889 0.745313 0.623611 2 0 0 0
3 0.417857 0.733581 0.042969 0.113889 0.399219 0.783333 2 0.435156 0.680556 2
0 0.492132 0.729229 0.058768 0.078481 0.464844 0.755556 2 0.517188 0.701389 2
3 0.683203 0.620833 0.046094 0.094444 0.661719 0.575 2 0.702344 0.663889 2 0.646094 0.663889 2
0 0.623047 0.613889 0.058594 0.113889 0.600781 0.565278 2 0 0 0
2 0.548828 0.727083 0.038281 0.070833 0.546875 0.726389 2 0 0 0
1 0.558594 0.608333 0.035937 0.061111 0.558594 0.608333 2 0 0 0
2 0.739844 0.741667 0.032813 0.058333 0.739844 0.738889 2 0.714063 0.727778 2
1 0.482812 0.614583 0.028125 0.051389 0.482812 0.613889 2 0 0 0
0 0.691406 0.734028 0.048438 0.043056 0.667969 0.736111 2 0 0 0
2 0.620313 0.736111 0.023438 0.041667 0.620313 0.7375 2 0 0 0
