0 0.619922 0.734722 0.057031 0.113889 0.596094 0.686111 2 0.655469 0.693056 2 0.642969 0.784722 2
1 0.742578 0.738194 0.036719 0.0625 0.742188 0.734722 2 0 0 0
3 0.416797 0.831944 0.030469 0.122222 0.425781 0.773611 2 0.404687 0.890278 2
0 0.691406 0.840278 0.046875 0.055556 0.670312 0.854167 2 0.711719 0.819444 2
1 0.548828 0.725694 0.035156 0.0625 0.548438 0.726389 2 0 0 0
2 0.552344 0.825694 0.040625 0.070833 0.553125 0.822222 2 0 0 0
3 0.678906 0.732639 0.05 0.0875 0.701562 0.772222 2 0 0 0
0 0.484766 0.835417 0.058594 0.081944 0.457031 0.859722 2 0.510156 0.806944 2
2 0.74375 0.838194 0.03125 0.056944 0.74375 0.834722 2 0 0 0
2 0.616406 0.853472 0.021875 0.040278 0.615625 0.854167 2 0 0 0
1 0.48125 0.730556 0.028125 0.05 0.480469 0.729167 2 0 0 0
