3 0.418359 0.834028 0.041406 0.115278 0.434375 0.779167 2 0.4 0.8875 2
0 0.218359 0.620139 0.061719 0.120833 0.196094 0.569444 2 0.241406 0.669444 2
0 0.351693 0.733328 0.05249 0.09999 0.328125 0.773611 2 0.373437 0.690278 2 0.365625 0.661111 2
3 0.353125 0.606944 0.029687 0.113889 0.341406 0.554167 2 0 0 0
0 0.433984 0.602083 0.027344 0.090278 0.439063 0.563889 2 0.425781 0.644444 2
1 0.285156 0.715278 0.0375 0.066667 0.283594 0.713889 2 0 0 0
1 0.352344 0.835417 0.0375 0.065278 0.353906 0.836111 2 0 0 0
2 0.278125 0.838889 0.040625 0.075 0.279687 0.834722 2 0 0 0
2 0.416797 0.720139 0.030469 0.054167 0.417187 0.720833 2 0 0 0
1 0.48125 0.730556 0.028125 0.05 0.480469 0.730556 2 0 0 0
2 0.285547 0.610417 0.024219 0.043056 0.285156 0.608333 2 0 0 0
