0 0.208538 0.482738 0.068862 0.112302 0.18125 0.436111 2 0.2375 0.529167 2
3 0.477734 0.588889 0.033594 0.113889 0.464062 0.641667 2 0.489844 0.534722 2
1 0.351562 0.707639 0.035937 0.0625 0.353125 0.706944 2 0 0 0
1 0.290234 0.604167 0.036719 0.063889 0.290625 0.598611 2 0.314063 0.6125 2
2 0.421094 0.605556 0.03125 0.055556 0.421094 0.6 2 0 0 0
2 0.285156 0.722917 0.040625 0.073611 0.284375 0.715278 2 0 0 0
0 0.343062 0.579762 0.060751 0.082143 0.367188 0.547222 2 0 0 0
1 0.48125 0.729861 0.029687 0.048611 0.48125 0.727778 2 0 0 0
0 0.420312 0.49375 0.023438 0.090278 0.421094 0.45 2 0.419531 0.534722 2
2 0.284766 0.475694 0.025781 0.043056 0.285938 0.470833 2 0 0 0
3 0.350372 0.474107 0.066443 0.043452 0.382031 0.488889 2 0.31875 0.454167 2
