3 0.484766 0.495833 0.036719 0.111111 0.469531 0.444444 2 0.498437 0.544444 2
2 0.616406 0.506944 0.025 0.041667 0.615625 0.502778 2 0 0 0
2 0.679297 0.498611 0.032031 0.058333 0.678125 0.494444 2 0 0 0
0 0.419544 0.474994 0.040599 0.10279 0.434375 0.427778 2 0.404687 0.518056 2
1 0.352734 0.473611 0.036719 0.063889 0.352344 0.472222 2 0 0 0
2 0.290625 0.475 0.040625 0.072222 0.289062 0.470833 2 0 0 0
0 0.55596 0.490121 0.039643 0.128092 0.5625 0.547222 2 0.544531 0.427778 2
1 0.74375 0.498611 0.035937 0.061111 0.742969 0.498611 2 0 0 0
0 0.157422 0.472222 0.032031 0.086111 0.152344 0.5125 2 0.165625 0.430556 2
1 0.219141 0.477083 0.030469 0.051389 0.21875 0.475 2 0 0 0
3 0.798295 0.404907 0.012951 0.112646 0.795312 0.348611 2 0.801562 0.458333 2
