0 0.224609 0.344444 0.061719 0.122222 0.200781 0.2875 2 0.249219 0.393056 2
1 0.353906 0.578472 0.035937 0.0625 0.353125 0.576389 2 0.323437 0.516667 2
0 0.409375 0.388924 0.03125 0.084722 0.401562 0.347222 2 0.419531 0.426389 2 0.380469 0.35 2
1 0.484375 0.4875 0.028125 0.047222 0.483594 0.4875 2 0 0 0
2 0.278516 0.597222 0.041406 0.069444 0.278125 0.593056 2 0 0 0
1 0.290234 0.480556 0.036719 0.063889 0.289062 0.477778 2 0 0 0
3 0.470743 0.370119 0.049139 0.098651 0.449219 0.326389 2 0.492188 0.4125 2
2 0.418359 0.484028 0.030469 0.054167 0.41875 0.486111 2 0 0 0
0 0.348243 0.479134 0.052735 0.091601 0.371094 0.441667 2 0 0 0
2 0.29375 0.370139 0.025 0.043056 0.29375 0.369444 2 0.317969 0.354167 2
3 0.349814 0.352668 0.066816 0.016448
