0 0.210895 0.468042 0.073523 0.086139 0.24375 0.440278 2 0.175 0.5 2
1 0.485156 0.488194 0.026562 0.045833 0.484375 0.4875 2 0 0 0
3 0.355078 0.602778 0.066406 0.063889 0.323437 0.579167 2 0.385937 0.625 2
0 0.344303 0.484775 0.038606 0.077884 0.328125 0.447222 2 0.360156 0.518056 2
1 0.282813 0.610417 0.035937 0.065278 0.28125 0.611111 2 0 0 0
0 0.203906 0.582639 0.067187 0.068056 0.174219 0.563889 2 0.235937 0.606944 2
2 0.219531 0.364583 0.042188 0.068056 0.217188 0.359722 2 0 0 0
2 0.419141 0.483333 0.032031 0.055556 0.419531 0.483333 2 0 0 0
1 0.287109 0.478472 0.036719 0.0625 0.285938 0.477778 2 0 0 0
3 0.349662 0.353901 0.067738 0.014734 0.382031 0.351389 2 0.317969 0.354167 2
2 0.29375 0.36875 0.025 0.043056 0.29375 0.370833 2 0 0 0
