3 0.343979 0.700268 0.067645 0.064426 0.3125 0.677778 2 0.375 0.722222 2
0 0.345703 0.591667 0.038281 0.080556 0.333594 0.555556 2 0.358594 0.627778 2
1 0.283594 0.603472 0.035937 0.065278 0.28125 0.601389 2 0 0 0
1 0.283984 0.704167 0.036719 0.063889 0.282813 0.702778 2 0 0 0
2 0.420703 0.588194 0.032031 0.056944 0.420312 0.586111 2 0 0 0
2 0.299219 0.481944 0.025 0.041667 0.297656 0.484722 2 0.325781 0.470833 2
0 0.207031 0.695139 0.0625 0.079167 0.178125 0.669444 2 0.244531 0.647222 2 0.235156 0.725 2 0.173437 0.606944 2
2 0.232031 0.468056 0.040625 0.066667 0.232031 0.465278 2 0 0 0
1 0.475391 0.602778 0.027344 0.05 0.474219 0.602778 2 0 0 0
0 0.209655 0.632739 0.076438 0.072294
3 0.358671 0.466241 0.067032 0.023074 0.391406 0.458333 2 0 0 0
