0 0.541518 0.630545 0.07329 0.064051 0.505469 0.630556 2 0.576562 0.626389 2
1 0.742969 0.604167 0.035937 0.061111 0.742969 0.601389 2 0 0 0
2 0.615625 0.604861 0.023438 0.043056 0.615625 0.602778 2 0 0 0
0 0.4125 0.597917 0.048438 0.095833 0.428906 0.640278 2 0.392188 0.554167 2
3 0.80154 0.611077 0.022565 0.1131 0.792969 0.556944 2 0.810156 0.665278 2
0 0.15476 0.594517 0.032668 0.088744 0.160938 0.551389 2 0.145313 0.634722 2
2 0.669922 0.622917 0.032031 0.056944 0.667969 0.618056 2 0 0 0
1 0.351479 0.585417 0.035156 0.0625 0.350781 0.583333 2 0 0 0
2 0.282422 0.599306 0.041406 0.065278 0.282813 0.594444 2 0 0 0
1 0.219141 0.602083 0.028906 0.051389 0.217969 0.6 2 0 0 0
3 0.46974 0.601498 0.01677 0.119225 0.467969 0.541667 2 0.470313 0.659722 2
