1 0.216016 0.707639 0.030469 0.051389 0.217188 0.704167 2 0 0 0
3 0.812882 0.714759 0.030982 0.111009 0.8 0.765278 2 0.825781 0.661111 2
2 0.671875 0.738889 0.03125 0.058333 0.671094 0.736111 2 0 0 0
2 0.2875 0.729861 0.042188 0.070833 0.285938 0.723611 2 0 0 0
2 0.612891 0.725 0.024219 0.041667 0.6125 0.722222 2 0 0 0
0 0.551992 0.742083 0.050391 0.129444 0.538281 0.798611 2 0.569531 0.681944 2 0.513281 0.726389 2
1 0.347266 0.719444 0.036719 0.063889 0.346094 0.715278 2 0 0 0
1 0.739062 0.729167 0.035937 0.061111 0.738281 0.723611 2 0 0 0
3 0.481094 0.71875 0.067656 0.041389 0.447656 0.708333 2 0.438281 0.713889 2
0 0.146328 0.711181 0.037031 0.091528 0.136719 0.755556 2 0.158594 0.668056 2
0 0.40957 0.714722 0.059922 0.050556 0.380469 0.709722 2 0 0 0
