0 0.550839 0.842308 0.071762 0.088822 0.517969 0.863889 2 0.502344 0.781944 2 0.583594 0.8125 2
2 0.28125 0.847222 0.04375 0.072222 0.28125 0.843056 2 0 0 0
1 0.345703 0.842361 0.036719 0.065278 0.34375 0.838889 2 0 0 0
1 0.740234 0.829861 0.036719 0.065278 0.742188 0.825 2 0 0 0
1 0.214453 0.708333 0.030469 0.052778 0.215625 0.706944 2 0 0 0
2 0.614453 0.834722 0.024219 0.044444 0.614062 0.830556 2 0 0 0
3 0.797313 0.834427 0.022947 0.114597 0.804688 0.777778 2 0.789062 0.888889 2
3 0.479233 0.82803 0.054343 0.101061 0.454688 0.870833 2 0 0 0
2 0.674609 0.829167 0.033594 0.058333 0.674219 0.825 2 0 0 0
0 0.406588 0.845564 0.032136 0.111651 0.410938 0.790278 2 0.396094 0.898611 2
0 0.134353 0.825834 0.054643 0.046113 0.160938 0.823611 2 0.107813 0.831944 2
