3 0.73593 0.840817 0.042855 0.100458 0.754687 0.793056 2 0.716406 0.886111 2
1 0.286328 0.824306 0.038281 0.065278 0.284375 0.819444 2 0 0 0
1 0.678125 0.848611 0.035937 0.066667 0.678906 0.845833 2 0 0 0
2 0.616016 0.84375 0.032031 0.059722 0.616406 0.840278 2 0 0 0
3 0.421407 0.839918 0.047912 0.113943 0.441406 0.784722 2 0.401562 0.890278 2
0 0.480317 0.840143 0.059795 0.122033 0.457031 0.891667 2 0.504687 0.790278 2
0 0.354297 0.838889 0.049219 0.1 0.372656 0.881944 2 0.333594 0.793056 2
2 0.557813 0.843056 0.023438 0.044444 0.558594 0.840278 2 0 0 0
0 0.807797 0.848234 0.033879 0.085176 0.815625 0.806944 2 0.796875 0.886111 2
2 0.214844 0.709722 0.04375 0.069444 0.213281 0.702778 2 0 0 0
1 0.148438 0.840972 0.03125 0.054167 0.147656 0.838889 2 0 0 0
