3 0.73449 0.714042 0.058892 0.063561 0.760938 0.741667 2 0.707031 0.6875 2
1 0.28112 0.72489 0.038281 0.065278 0.279687 0.725 2 0 0 0
1 0.67648 0.717032 0.035937 0.066667 0.675781 0.718056 2 0 0 0
2 0.615742 0.739462 0.032031 0.059722 0.616406 0.738889 2 0 0 0
3 0.417583 0.723299 0.057205 0.093771 0.441406 0.761111 2 0.392969 0.683333 2
0 0.492909 0.724703 0.063668 0.120945 0.464844 0.676389 2 0.520312 0.761111 2
0 0.351049 0.714181 0.050781 0.098928 0.370312 0.669444 2 0.329688 0.752778 2
2 0.548218 0.717812 0.023438 0.044444 0.548438 0.718056 2 0 0 0
0 0.794408 0.729776 0.051535 0.052144 0.817969 0.719444 2 0.770312 0.747222 2
2 0.214844 0.709722 0.04375 0.069444 0.213281 0.702778 2 0 0 0
1 0.14655 0.713083 0.03125 0.054167 0.14375 0.713889 2 0 0 0
