3 0.747673 0.612589 0.014628 0.115248 0.744531 0.558333 2 0.75 0.665278 2
1 0.283336 0.614495 0.038281 0.065278 0.282813 0.615278 2 0 0 0
1 0.681117 0.609249 0.035937 0.066667 0.68125 0.608333 2 0 0 0
2 0.625357 0.625931 0.03263 0.056826 0.625781 0.625 2 0 0 0
3 0.422374 0.623522 0.033577 0.118203 0.432812 0.569444 2 0.411719 0.680556 2
0 0.492852 0.619385 0.046875 0.12766 0.503906 0.561111 2 0.476562 0.679167 2
0 0.34798 0.617258 0.049219 0.1 0.366406 0.656944 2 0.327344 0.576389 2
2 0.560032 0.620582 0.022989 0.042583 0.560156 0.619444 2 0 0 0
0 0.791888 0.623227 0.027926 0.083333 0.789062 0.583333 2 0.800781 0.6625 2
2 0.216174 0.602157 0.04375 0.069444 0.216406 0.602778 2 0 0 0
1 0.152446 0.609631 0.03125 0.054167 0.150781 0.609722 2 0 0 0
